28900
31300
33800
36200
38600
41000
43400
45800
48200
50600
53000
55400
57900
60300
28900
31300
33800
36200
38600
41000
43400
45800
48200
50600
53000
55400
57900
60300
28900
31300
33800
36200
38600
41000
43400
45800
48200
50600
53000
55400
57900
60300
28900
31300
33800
36200
38600
41000
43400
45800
48200
50600
53000
55400
57900
60300
28900
31300
33800
36200
38600
41000
43400
45800
48200
50600
53000
55400
57900
60300
28900
31300
33800
36200
38600
41000
43400
45800
48200
50600
53000
55400
57900
60300
28900
31300
33800
36200
38600
41000
43400
45800
48200
50600
53000
55400
57900
60300
28900
31300
33800
36200
38600
41000
43400
45800
48200
50600
53000
55400
57900
60300
28900
31300
33800
36200
38600
41000
43400
45800
48200
50600
53000
55400
57900
60300
28900
31300
33800
36200
38600
41000
43400
45800
48200
50600
53000
55400
57900
60300
28900
31300
33800
36200
38600
41000
43400
45800
48200
50600
53000
55400
57900
60300
28900
31300
33800
36200
38600
41000
43400
45800
48200
50600
53000
55400
57900
60300
28900
31300
33800
36200
38600
41000
43400
45800
48200
50600
53000
55400
57900
60300
28900
31300
33800
36200
38600
41000
43400
45800
48200
50600
53000
55400
57900
60300
28900
31300
33800
36200
38600
41000
43400
45800
48200
50600
53000
55400
57900
60300
28900
31300
33800
36200
38600
41000
43400
45800
48200
50600
53000
55400
57900
60300
28900
31300
33800
36200
38600
41000
43400
45800
48200
50600
53000
55400
57900
60300
28900
31300
33800
36200
38600
41000
43400
45800
48200
50600
53000
55400
57900
60300
28900
31300
33800
36200
38600
41000
43400
45800
48200
50600
53000
55400
57900
60300
28900
31300
33800
36200
38600
41000
43400
45800
48200
50600
53000
55400
57900
60300
28900
31300
33800
36200
38600
41000
43400
45800
48200
50600
53000
55400
57900
60300
28300
31300
34300
37300
40400
43400
46400
49400
52500
55500
58500
61600
28300
31300
34300
37300
40400
43400
46400
49400
52500
55500
58500
61600
28300
31300
34300
37300
40400
43400
46400
49400
52500
55500
58500
61600
28300
31300
34300
37300
40400
43400
46400
49400
52500
55500
58500
61600
28300
31300
34300
37300
40400
43400
46400
49400
52500
55500
58500
61600
28300
31300
34300
37300
40400
43400
46400
49400
52500
55500
58500
61600
28300
31300
34300
37300
40400
43400
46400
49400
52500
55500
58500
61600
28300
31300
34300
37300
40400
43400
46400
49400
52500
55500
58500
61600
28300
31300
34300
37300
40400
43400
46400
49400
52500
55500
58500
61600
28300
31300
34300
37300
40400
43400
46400
49400
52500
55500
58500
61600
28300
31300
34300
37300
40400
43400
46400
49400
52500
55500
58500
61600
28300
31300
34300
37300
40400
43400
46400
49400
52500
55500
58500
61600
28300
31300
34300
37300
40400
43400
46400
49400
52500
55500
58500
61600
28300
31300
34300
37300
40400
43400
46400
49400
52500
55500
58500
61600
28300
31300
34300
37300
40400
43400
46400
49400
52500
55500
58500
61600
28300
31300
34300
37300
40400
43400
46400
49400
52500
55500
58500
61600
28300
31300
34300
37300
40400
43400
46400
49400
52500
55500
58500
61600
28300
31300
34300
37300
40400
43400
46400
49400
52500
55500
58500
61600
28300
31300
34300
37300
40400
43400
46400
49400
52500
55500
58500
61600
28300
31300
34300
37300
40400
43400
46400
49400
52500
55500
58500
61600
28300
31300
34300
37300
40400
43400
46400
49400
52500
55500
58500
61600
28300
31300
34300
37300
40400
43400
46400
49400
52500
55500
58500
61600
28300
31300
34300
37300
40400
43400
46400
49400
52500
55500
58500
61600
28300
31300
34300
37300
40400
43400
46400
49400
52500
55500
58500
61600
28300
31300
34300
37300
40400
43400
46400
49400
52500
55500
58500
61600
28300
31300
34300
37300
40400
43400
46400
49400
52500
55500
58500
61600
28300
31300
34300
37300
40400
43400
46400
49400
52500
55500
58500
61600
28300
31300
34300
37300
40400
43400
46400
49400
52500
55500
58500
61600
28300
31300
34300
37300
40400
43400
46400
49400
52500
55500
58500
61600
28300
31300
34300
37300
40400
43400
46400
49400
52500
55500
58500
61600
28300
31300
34300
37300
40400
43400
46400
49400
52500
55500
58500
61600
28300
31300
34300
37300
40400
43400
46400
49400
52500
55500
58500
61600
28300
31300
34300
37300
40400
43400
46400
49400
52500
55500
58500
61600
28300
31300
34300
37300
40400
43400
46400
49400
52500
55500
58500
61600
28300
31300
34300
37300
40400
43400
46400
49400
52500
55500
58500
61600
28300
31300
34300
37300
40400
43400
46400
49400
52500
55500
58500
61600
28300
31300
34300
37300
40400
43400
46400
49400
52500
55500
58500
61600
28300
31300
34300
37300
40400
43400
46400
49400
52500
55500
58500
61600
28300
31300
34300
37300
40400
43400
46400
49400
52500
55500
58500
61600
28300
31300
34300
37300
40400
43400
46400
49400
52500
55500
58500
61600
28300
31300
34300
37300
40400
43400
46400
49400
52500
55500
58500
61600
28300
31300
34300
37300
40400
43400
46400
49400
52500
55500
58500
61600
28300
31300
34300
37300
40400
43400
46400
49400
52500
55500
58500
61600
28300
31300
34300
37300
40400
43400
46400
49400
52500
55500
58500
61600
28300
31300
34300
37300
40400
43400
46400
49400
52500
55500
58500
61600
28300
31300
34300
37300
40400
43400
46400
49400
52500
55500
58500
61600
28300
31300
34300
37300
40400
43400
46400
49400
52500
55500
58500
61600
28300
31300
34300
37300
40400
43400
46400
49400
52500
55500
58500
61600
28300
31300
34300
37300
40400
43400
46400
49400
52500
55500
58500
61600
28300
31300
34300
37300
40400
43400
46400
49400
52500
55500
58500
61600
28300
31300
34300
37300
40400
43400
46400
49400
52500
55500
58500
61600
28300
31300
34300
37300
40400
43400
46400
49400
52500
55500
58500
61600
28300
31300
34300
37300
40400
43400
46400
49400
52500
55500
58500
61600
28300
31300
34300
37300
40400
43400
46400
49400
52500
55500
58500
61600
28300
31300
34300
37300
40400
43400
46400
49400
52500
55500
58500
61600
28300
31300
34300
37300
40400
43400
46400
49400
52500
55500
58500
61600
28300
31300
34300
37300
40400
43400
46400
49400
52500
55500
58500
61600
28300
31300
34300
37300
40400
43400
46400
49400
52500
55500
58500
61600
28300
31300
34300
37300
40400
43400
46400
49400
52500
55500
58500
61600
28300
31300
34300
37300
40400
43400
46400
49400
52500
55500
58500
61600
28300
31300
34300
37300
40400
43400
46400
49400
52500
55500
58500
61600
28300
31300
34300
37300
40400
43400
46400
49400
52500
55500
58500
61600
28300
31300
34300
37300
40400
43400
46400
49400
52500
55500
58500
61600
28300
31300
34300
37300
40400
43400
46400
49400
52500
55500
58500
61600