-29
-15
-10
-6
-3
-3
-4
-5
-6
-5
-1
3
6
5
-80
-49
-25
-14
-6
-4
-9
-14
-14
-11
-4
6
12
13
-136
-71
-29
-8
-2
-4
-13
-23
-23
-17
-5
8
19
21
-206
-95
-15
5
-1
-11
-21
-31
-30
-24
-7
12
24
27
-280
-83
32
15
-8
-28
-37
-36
-32
-26
-5
14
33
32
0
15
31
-23
-49
-64
-59
-37
-18
-2
9
15
18
20
0
0
-130
-134
-114
-111
-90
-34
17
48
43
19
-5
-16
-86
-261
-295
-192
-138
-141
-113
-28
56
100
90
42
-13
-47
-200
-273
-223
-104
-107
-156
-112
-29
54
123
129
74
1
-57
-186
-147
-43
-55
-150
-171
-76
0
20
75
102
80
23
-39
-102
-27
-4
-131
-241
-160
-25
0
0
-10
11
13
-4
-31
-22
0
17
-155
-221
0
5
27
-6
-65
-78
-84
-57
-59
11
0
-95
-137
-116
0
0
-16
-124
-53
-60
-93
-96
-96
138
10
-59
3
133
0
0
-205
0
35
-2
-68
-76
-96
177
110
48
97
134
66
-71
-74
0
0
-100
-96
-80
-94
173
135
103
112
103
56
-14
-24
-97
-221
-212
-150
-106
-88
69
87
92
85
62
23
-10
-38
-119
-224
-240
-191
-147
-96
5
27
51
53
40
19
-7
-37
-98
-158
-183
-187
-174
-113
-22
-14
13
29
32
31
14
-17
-65
-110
-150
-176
-176
-128
-27
-39
-16
8
19
32
37
18
-26
-68
-105
-131
-140
-95
-36
-39
-28
-17
-8
10
39
56
37
2
-42
-72
-71
-16
-47
-24
-14
-6
-3
-5
-6
-7
-3
3
6
8
-114
-67
-32
-13
-5
-11
-17
-15
-6
6
15
16
-218
-107
-27
-6
-10
-18
-28
-23
-8
9
21
22
-326
-109
19
-2
-25
-40
-34
-22
-5
15
26
23
-6
0
16
-57
-74
-67
-28
9
22
20
13
4
0
0
-227
-181
-148
-102
-4
57
73
34
-14
-42
-147
-321
-288
-165
-170
-101
-1
85
120
68
-16
-77
-188
-193
-109
-134
-196
-83
5
55
101
74
0
-76
-81
-28
-50
-218
-203
-13
0
39
-5
-1
-25
-59
-9
0
-69
-190
0
0
35
-78
-51
-83
-89
-93
110
2
-44
19
0
0
-217
-32
15
-73
-100
-136
184
108
60
145
118
-73
0
0
-96
-114
-100
-126
122
139
119
124
78
8
-40
-190
-257
-193
-132
-84
36
68
90
70
40
-2
-64
-189
-262
-225
-162
-77
4
11
36
43
36
6
-48
-128
-178
-205
-185
-90
-13
-33
-5
16
29
35
1
-61
-119
-160
-156
-66
-45
-30
-16
-6
-4
-6
-5
-6
-2
2
6
9
-120
-74
-41
-15
-7
-13
-17
-14
-5
5
15
16
-234
-118
-36
-13
-15
-20
-26
-20
-7
8
19
19
-332
-113
8
-20
-36
-45
-27
-15
2
11
21
18
-9
0
5
-73
-82
-70
-27
19
30
19
7
-3
0
0
-220
-200
-160
-102
-8
58
77
37
-10
-42
-127
-315
-349
-224
-196
-102
0
81
110
59
-14
-76
-183
-223
-207
-231
-211
-84
11
67
95
69
-7
-75
-79
-60
-103
-252
-225
-12
3
48
28
6
-34
-73
3
-15
-75
-194
0
0
30
-42
-16
-58
-89
-109
85
1
-11
40
0
0
-223
-17
36
-56
-110
-151
153
102
76
155
137
-75
0
0
-97
-110
-118
-147
115
138
126
126
92
15
-30
-184
-268
-201
-138
-103
52
83
98
81
55
7
-75
-206
-286
-246
-172
-88
25
29
41
49
40
4
-61
-150
-207
-224
-191
-107
2
-14
3
21
30
33
-6
-68
-138
-171
-162
-90
-45
-28
-18
-8
-5
-6
-6
-6
-3
2
6
9
-126
-78
-41
-18
-9
-13
-16
-14
-5
5
14
15
-225
-114
-44
-18
-18
-22
-24
-18
-7
8
15
17
-315
-105
-1
-28
-39
-48
-26
-13
6
11
17
13
-10
0
2
-81
-90
-72
-28
17
29
21
6
-7
0
0
-210
-204
-165
-99
-7
55
68
33
-8
-37
-111
-308
-343
-280
-215
-107
-6
74
98
55
-13
-69
-182
-254
-272
-297
-229
-80
15
73
94
58
-15
-72
-73
-93
-168
-289
-230
-22
37
48
44
8
-39
-81
-2
-32
-97
-193
0
0
44
0
19
-35
-91
-118
73
6
4
45
0
0
-222
-10
54
-46
-111
-155
132
85
96
165
127
-82
0
0
-87
-108
-124
-155
112
133
127
134
95
27
-26
-172
-258
-206
-149
-118
73
96
97
84
57
10
-78
-214
-287
-256
-180
-107
42
41
46
52
43
3
-69
-161
-220
-237
-200
-122
8
-2
12
25
34
27
-20
-89
-144
-181
-172
-113
-38
-31
-18
-11
-5
-5
-7
-7
-3
3
6
9
-129
-83
-41
-22
-10
-13
-15
-14
-5
5
13
13
-212
-117
-51
-24
-21
-23
-22
-15
-4
8
12
14
-280
-104
-14
-37
-42
-49
-24
-11
8
13
14
7
-11
0
-7
-87
-97
-71
-28
14
29
21
7
-9
0
0
-199
-210
-166
-97
-8
47
59
34
-2
-32
-100
-281
-335
-311
-233
-118
-11
63
85
49
-11
-57
-171
-261
-333
-338
-242
-84
16
79
89
45
-14
-67
-83
-147
-245
-305
-223
-19
67
76
57
15
-41
-88
-6
-56
-126
-187
0
0
52
17
54
-20
-86
-127
62
9
10
43
0
0
-207
2
68
-38
-116
-162
113
90
112
171
120
-92
0
0
-76
-110
-135
-164
104
127
126
133
90
14
-16
-151
-236
-202
-156
-132
79
102
100
86
61
11
-79
-209
-287
-257
-183
-125
52
52
50
54
44
1
-77
-165
-233
-242
-200
-126
18
8
17
29
33
18
-27
-93
-153
-190
-180
-128