962
970
969
975
976
977
979
981
977
970
970
980
980
984
861
881
895
908
919
927
931
932
931
918
913
911
920
939
734
750
787
807
842
854
884
859
857
829
817
815
839
852
578
594
675
722
765
794
823
803
781
735
712
717
753
779
380
363
545
673
712
734
757
733
704
637
607
616
653
709
0
93
462
640
687
686
687
662
626
558
508
500
585
653
0
0
450
578
635
631
596
540
526
473
452
465
526
609
129
252
401
432
507
566
482
370
387
409
414
472
529
575
274
283
270
195
377
500
299
158
202
340
417
480
579
600
278
233
117
109
363
445
174
0
72
198
355
518
610
647
166
96
176
265
416
319
87
0
0
167
298
528
644
676
56
0
101
460
442
0
4
17
10
201
384
563
653
653
12
0
283
552
337
0
0
49
149
234
432
613
652
658
246
169
372
496
277
0
0
363
0
155
500
643
668
677
405
403
466
468
301
150
196
231
0
0
568
690
676
720
398
459
499
465
355
262
246
174
86
308
580
670
678
709
231
453
505
458
370
319
273
200
196
361
537
608
677
676
214
419
499
449
395
355
280
231
273
391
478
575
639
588
254
421
483
455
420
373
311
257
305
434
504
573
590
480
367
428
452
454
398
345
321
321
396
486
536
564
551
300
456
423
429
432
369
283
266
324
411
502
562
553
528
276
952
962
964
972
972
969
981
968
969
979
980
977
827
843
861
881
910
918
918
906
882
888
903
917
677
673
723
778
830
858
839
797
769
770
807
823
484
409
598
696
760
784
756
706
665
680
705
749
14
0
512
675
707
695
673
634
589
589
665
713
3
0
552
618
635
587
512
522
526
568
648
686
283
323
388
411
551
348
293
368
489
594
685
689
358
295
198
287
476
197
98
215
439
649
736
716
228
106
265
418
366
57
0
194
409
640
758
764
100
0
308
534
0
0
134
214
446
707
800
772
243
90
449
537
0
0
352
117
482
765
793
748
459
413
536
488
225
212
0
0
546
831
842
799
386
503
595
518
379
309
171
200
562
812
841
733
238
462
561
491
442
366
270
364
591
710
772
684
287
462
554
504
455
384
370
468
573
692
687
532
405
484
523
492
429
393
428
536
601
694
629
301
953
961
962
971
970
969
980
973
973
980
980
977
836
848
863
883
915
923
921
908
889
895
911
918
699
678
730
790
840
861
849
806
781
783
820
825
515
428
597
717
778
800
786
734
721
722
747
767
20
0
523
692
721
717
695
694
657
674
716
745
0
0
571
663
654
625
571
602
623
656
729
747
276
334
512
530
580
412
361
468
601
702
764
766
397
360
372
473
462
236
202
340
577
744
814
794
305
233
346
511
380
80
50
226
523
768
850
845
244
202
404
573
0
0
175
263
603
839
912
873
342
228
520
601
0
0
357
123
564
864
940
892
531
461
582
541
296
230
0
0
615
899
975
951
483
567
649
585
437
340
186
199
622
876
924
840
384
555
611
566
503
412
345
420
659
793
855
754
431
562
598
568
523
471
468
553
666
770
782
645
510
563
581
551
497
459
517
595
691
766
733
470
962
962
961
967
970
969
974
970
970
972
977
973
845
847
863
879
906
924
916
906
893
895
903
913
707
692
737
790
839
865
853
816
792
804
821
827
520
395
601
725
780
812
783
736
742
750
743
780
24
0
512
698
740
737
712
712
712
718
726
769
0
0
573
696
683
662
617
647
680
721
771
792
276
344
555
639
607
478
463
552
669
760
804
813
436
427
491
608
478
280
296
455
653
793
845
835
411
377
472
599
387
140
211
273
630
837
908
893
417
400
569
587
0
0
265
342
670
930
987
930
499
443
628
626
0
0
362
141
613
947
1010
956
617
515
653
582
291
225
0
0
618
925
1030
976
596
619
678
615
455
331
189
186
636
923
994
911
542
633
646
606
523
432
380
424
667
847
908
839
552
626
638
609
562
506
520
593
700
832
868
757
592
624
631
574
547
529
571
656
730
813
803
632
969
969
965
965
969
972
968
963
966
968
972
974
852
846
862
873
893
920
911
902
890
886
892
908
715
708
746
789
830
869
849
822
810
811
812
830
518
444
608
729
773
814
776
733
765
767
731
793
23
0
523
706
758
763
728
727
752
743
728
795
0
0
582
723
717
700
664
691
739
769
814
831
254
322
605
717
643
563
566
585
730
775
822
856
484
494
613
682
502
361
417
570
727
828
868
878
556
561
654
640
348
188
312
492
732
885
941
939
551
614
739
601
0
0
287
462
726
966
1010
977
637
616
757
552
0
0
332
179
624
984
1060
1020
701
652
723
587
288
216
0
0
572
976
1090
1010
659
671
705
632
457
322
169
150
587
934
1020
966
609
685
697
636
543
439
393
454
659
888
934
919
626
671
669
641
582
536
550
620
733
862
910
792
659
665
669
592
562
580
596
673
758
856
843
745