80
66
58
86
87
89
92
99
96
95
98
86
81
53
180
169
143
151
142
151
153
155
145
151
143
142
146
130
192
172
153
133
129
126
143
131
139
126
135
125
132
127
173
167
149
123
112
112
119
119
120
117
122
122
121
119
117
123
127
124
113
106
112
110
113
116
126
132
129
124
0
25
87
118
121
114
116
117
116
117
123
129
139
143
0
0
69
110
124
118
117
115
122
109
98
96
112
134
3
39
78
116
118
117
110
106
113
97
60
43
57
85
19
29
42
81
100
96
70
68
88
93
58
24
23
40
37
30
-16
-9
58
66
27
0
57
83
67
40
18
13
37
36
9
-14
19
32
6
0
0
4
28
42
39
23
10
0
10
26
26
0
-2
-12
-9
-114
-70
-5
41
43
-1
0
12
64
47
0
0
-12
-112
-133
-105
-42
10
25
10
3
26
69
39
0
0
-48
0
-45
-73
-61
-41
-38
34
11
19
20
-8
-29
-18
-13
0
0
-62
-83
-95
-104
24
-7
-6
-11
-26
-24
0
18
20
4
-31
-58
-80
-99
1
-23
-23
-22
-20
-8
16
40
53
39
18
-1
-16
-30
-25
-33
-32
-31
-26
-14
0
16
38
40
25
33
36
33
-35
-27
-24
-25
-26
-24
-30
-39
-26
-13
-6
26
56
66
-8
7
4
2
-6
-9
-19
-33
-42
-40
-33
-11
23
25
25
35
29
24
22
24
23
10
-13
-36
-53
-47
-39
-30
90
80
75
74
72
98
74
83
77
75
53
70
167
151
131
124
128
131
131
129
118
126
122
120
160
155
131
110
112
114
120
110
109
110
114
107
102
123
128
112
110
112
113
115
125
128
124
111
0
0
96
126
124
116
123
124
125
128
136
133
0
0
104
133
133
125
129
124
98
83
101
130
20
39
88
131
127
95
110
118
83
40
46
78
57
45
0
53
82
40
44
83
79
45
23
29
60
65
22
3
31
1
0
-36
-10
27
33
17
15
0
19
48
0
0
-93
-134
-118
-33
23
28
-22
-40
0
41
0
0
-79
-79
-90
-61
-23
-12
32
-25
-16
-12
-26
-25
0
0
-60
-84
-91
-89
36
-10
-25
-32
-32
-10
21
19
-21
-57
-76
-87
-7
-24
-31
-26
-15
9
36
43
21
16
3
-8
-50
-33
-30
-22
-19
-16
-14
1
2
24
48
63
-28
-1
-5
-1
-2
-7
-30
-34
-27
-11
15
42
63
60
50
37
55
72
49
59
48
41
43
61
133
125
113
100
103
107
104
103
95
99
95
99
139
137
119
103
104
99
109
98
98
99
105
93
92
114
120
111
110
109
113
113
116
116
115
100
0
0
99
128
126
118
124
121
122
122
125
123
0
0
100
143
140
135
142
133
107
88
102
129
26
37
95
141
131
112
125
125
94
55
54
88
71
64
39
73
74
52
78
91
75
49
30
37
78
89
43
29
30
-3
4
-7
-2
21
28
16
19
-1
21
45
0
0
-111
-135
-109
-41
10
19
-35
-66
-33
8
0
0
-92
-77
-91
-70
-35
-15
10
-51
-54
-35
-39
-35
0
0
-60
-81
-84
-77
33
-21
-45
-45
-40
-24
7
9
-30
-56
-69
-76
-14
-26
-31
-33
-21
-6
15
25
12
6
-2
-10
-53
-38
-30
-17
-13
-9
-7
0
3
17
37
55
-41
-17
-10
3
8
5
-15
-25
-23
-14
5
36
52
50
34
28
41
51
27
38
45
31
39
43
111
107
95
81
84
85
83
81
74
83
81
79
121
122
108
93
89
86
93
88
87
89
87
79
86
104
115
105
101
105
102
100
104
104
99
92
0
0
95
124
122
120
115
112
113
110
112
111
0
0
84
134
135
135
140
126
103
85
99
118
20
34
87
133
130
123
133
123
91
57
58
92
80
82
64
88
67
59
91
94
78
44
32
42
80
88
56
55
32
-3
3
4
-4
14
23
15
19
2
21
41
0
0
-104
-122
-94
-36
10
15
-34
-71
-52
-13
0
0
-86
-73
-78
-57
-26
-10
-9
-74
-74
-56
-53
-45
0
0
-53
-69
-72
-60
17
-31
-54
-58
-53
-39
-12
1
-33
-56
-62
-73
-21
-28
-36
-36
-25
-16
1
9
1
-5
-7
-19
-52
-39
-29
-17
-11
-7
-5
-4
-1
8
26
42
-42
-25
-11
3
10
7
-11
-15
-20
-16
3
22
33
36
33
28
28
30
24
27
28
27
30
29
89
87
74
63
65
61
57
55
55
60
60
56
103
109
97
80
76
78
76
74
75
73
69
65
87
112
112
98
89
96
88
84
90
89
82
82
1
0
97
118
117
115
106
100
101
98
97
97
0
0
70
125
131
133
133
118
97
84
92
106
8
17
67
114
122
127
135
114
88
55
59
88
72
83
81
90
63
69
96
99
75
43
34
47
74
80
76
70
32
12
11
12
-2
12
19
16
22
11
20
39
0
0
-69
-91
-70
-26
6
9
-35
-68
-58
-27
0
0
-48
-44
-47
-42
-21
-9
-22
-79
-90
-69
-71
-66
0
0
-36
-55
-56
-42
2
-42
-66
-68
-68
-56
-40
-10
-33
-50
-49
-59
-22
-31
-41
-38
-33
-31
-26
-15
-12
-15
-13
-23
-50
-39
-28
-18
-11
-7
-6
-9
-5
0
15
31
-41
-27
-8
3
10
12
-8
-13
-16
-18
-12
10