-76
-60
-45
-39
-24
-22
-68
-117
-59
45
30
-17
-10
42
23
0
0
-3
-4
4
7
2
-70
-38
-32
-23
-8
-4
-17
-29
0
0
-18
-41
-13
55
94
27
-30
-94
-74
-40
-18
-6
-55
-40
-16
-3
-4
6
35
59
0
0
-104
-73
-19
28
91
79
0
-56
-68
-51
-28
-12
-39
-36
-4
11
-1
3
42
55
-23
-124
-95
-97
-45
14
47
55
49
21
-19
-33
-26
-14
-27
-31
-14
2
9
21
41
41
-6
-17
-46
-101
-23
11
22
7
71
49
1
-28
-27
-15
-20
-24
-19
0
17
38
60
69
43
-7
-51
-34
0
0
-14
0
0
-7
-37
-47
-35
-17
-12
-15
-7
8
27
54
80
94
80
39
26
64
0
0
-26
0
0
-100
-103
-83
-51
-22
-2
-3
5
19
35
58
80
99
95
80
85
108
82
-11
-54
-82
-152
-185
-158
-111
-62
-29
9
10
18
30
45
55
68
85
89
91
94
91
60
-12
-70
-126
-167
-188
-165
-117
-61
-29
20
22
30
41
50
55
61
71
81
86
79
64
33
-16
-68
-115
-148
-159
-142
-105
-60
-26
21
30
39
48
55
54
52
55
60
68
59
40
14
-25
-58
-95
-115
-121
-108
-81
-50
-21
21
32
42
51
54
53
46
43
45
48
36
24
0
-22
-50
-69
-81
-86
-77
-56
-35
-14
15
28
39
48
48
47
39
32
28
27
23
11
-3
-22
-34
-49
-54
-53
-47
-35
-23
-8
12
24
33
40
41
34
27
22
17
14
8
5
-7
-16
-26
-27
-29
-25
-24
-17
-9
-4
13
19
22
25
24
17
15
13
11
10
7
2
-6
-13
-16
-16
-13
-11
-6
-4
0
1
13
17
16
11
3
1
2
6
8
9
7
3
-3
-9
-12
-10
-5
-1
4
6
6
4
11
14
12
5
-4
-8
-5
4
8
7
5
3
1
-5
-10
-9
-3
3
9
11
9
4
5
8
8
3
-6
-10
-6
2
6
5
2
1
2
-2
-7
-8
-4
4
8
10
7
3
-61
-48
-31
-17
-53
-79
0
30
-22
8
67
31
-11
-80
-48
-18
-4
-53
-32
-10
4
31
42
0
-90
-94
-11
86
106
-4
-81
-77
-40
-13
-42
-13
7
12
52
69
-60
-145
-133
-64
58
67
46
13
-28
-32
-16
-27
-12
9
29
51
48
-9
-51
-87
0
0
-1
18
23
-15
-29
-17
-13
-7
18
43
76
82
45
-6
20
0
0
0
0
-57
-69
-56
-22
-1
8
27
49
85
100
86
82
118
78
-54
-68
-119
-161
-133
-77
-34
14
22
36
54
74
86
93
96
95
51
-38
-109
-168
-184
-148
-84
-40
24
34
49
58
63
65
79
80
62
22
-38
-96
-139
-143
-118
-72
-28
29
41
51
55
49
50
56
55
34
5
-37
-72
-99
-101
-83
-51
-21
27
40
48
49
43
35
35
28
15
-3
-31
-48
-60
-62
-48
-29
-10
23
31
34
33
28
22
17
12
5
-7
-19
-28
-30
-24
-20
-11
-5
18
20
19
13
11
10
11
9
4
-5
-14
-14
-10
-7
-1
3
3
16
14
5
-3
-4
3
7
7
3
-1
-8
-11
-4
4
9
10
6
10
8
0
-8
-8
0
5
4
2
4
-5
-10
-5
7
10
9
4
-69
-54
-35
-26
-58
-93
0
36
-21
12
71
59
-16
-91
-57
-19
-4
-59
-40
-14
11
40
52
0
-101
-108
-16
107
116
2
-85
-79
-44
-13
-42
-19
6
27
69
85
-60
-198
-170
-65
84
91
49
-2
-29
-34
-16
-24
-11
16
40
65
54
-19
-88
-95
0
0
23
17
14
-21
-29
-17
-8
-1
24
53
77
77
35
2
27
0
0
-24
-30
-51
-66
-58
-22
3
12
32
54
89
97
85
88
121
74
-66
-94
-118
-144
-126
-75
-36
15
24
39
56
78
87
95
98
100
48
-47
-118
-155
-174
-145
-85
-42
26
36
48
59
66
68
80
80
65
19
-38
-98
-137
-138
-116
-73
-29
28
40
50
54
50
53
57
55
36
7
-36
-74
-100
-102
-82
-52
-20
26
39
45
47
43
37
38
30
16
-2
-30
-49
-62
-64
-49
-29
-8
21
29
32
32
27
24
21
15
7
-6
-18
-28
-32
-26
-21
-11
-3
17
19
17
13
10
9
12
9
4
-4
-13
-15
-11
-8
-1
2
3
15
13
5
-2
-4
1
6
7
4
0
-7
-11
-2
5
8
9
6
9
7
0
-7
-10
-3
3
4
2
4
-5
-10
-2
8
12
9
3
-67
-56
-39
-34
-66
-88
0
30
-20
15
77
78
-17
-102
-60
-21
-5
-60
-47
-17
12
37
43
0
-109
-118
-28
124
128
10
-92
-85
-45
-16
-40
-20
7
34
78
92
-69
-226
-204
-63
92
112
47
-14
-34
-35
-17
-21
-5
21
50
71
54
-26
-113
-104
0
0
36
12
0
-28
-30
-18
-5
3
30
56
78
70
26
4
25
0
0
-55
-53
-56
-65
-56
-22
8
17
36
59
85
91
81
89
124
68
-78
-124
-124
-137
-120
-76
-35
17
26
42
57
78
84
90
98
100
47
-51
-122
-153
-166
-137
-82
-35
26
35
47
57
65
70
79
80
67
22
-40
-98
-130
-133
-115
-72
-30
28
39
48
53
53
55
58
54
38
7
-35
-76
-99
-99
-82
-52
-19
25
38
43
45
42
39
38
32
19
0
-26
-49
-61
-63
-49
-28
-12
21
27
30
30
27
24
22
18
8
-4
-17
-28
-32
-28
-22
-11
-4
17
18
15
12
9
9
12
9
5
-4
-12
-16
-11
-7
-2
2
4
14
13
5
-2
-5
1
6
7
4
0
-7
-11
-3
6
8
9
6
9
7
0
-7
-12
-5
3
4
3
4
-4
-9
-1
10
12
9
3
-61
-54
-42
-41
-65
-83
0
23
-17
18
83
76
-16
-100
-62
-27
-8
-57
-46
-20
12
37
39
0
-91
-128
-17
128
140
4
-94
-89
-47
-17
-38
-22
7
44
85
88
-72
-233
-221
-65
96
131
42
-23
-45
-36
-17
-18
-3
25
56
78
60
-30
-127
-112
0
0
46
11
-15
-38
-32
-15
-2
7
34
59
73
68
20
5
25
0
0
-59
-61
-62
-66
-51
-20
12
21
40
63
81
85
72
84
119
53
-90
-149
-135
-126
-114
-74
-32
20
29
44
58
73
81
85
99
99
43
-60
-133
-154
-155
-123
-75
-31
26
34
46
55
64
73
77
79
67
28
-43
-98
-123
-126
-112
-69
-30
28
37
47
51
54
57
58
53
39
6
-34
-76
-93
-93
-77
-49
-19
24
32
39
40
40
40
38
33
22
4
-20
-50
-57
-60
-47
-27
-12
20
23
28
27
27
25
24
20
11
-2
-14
-29
-31
-31
-22
-12
-3
17
17
14
10
8
9
12
10
6
-2
-10
-16
-12
-7
-3
2
4
12
11
5
-3
-6
-1
5
7
5
1
-7
-9
-4
7
8
8
4
9
6
0
-7
-11
-6
2
4
4
4
-4
-8
1
11
12
8
2