26500
26500
26500
26500
26500
26500
26500
26500
26500
26500
26500
26500
26500
26500
26500
26500
26500
26500
26500
26500
26500
26500
28900
28900
28900
28900
28900
28900
28900
28900
28900
28900
28900
28900
28900
28900
28900
28900
28900
28900
28900
28900
28900
28900
31300
31300
31300
31300
31300
31300
31300
31300
31300
31300
31300
31300
31300
31300
31300
31300
31300
31300
31300
31300
31300
31300
33700
33700
33700
33700
33700
33700
33700
33700
33700
33700
33700
33700
33700
33700
33700
33700
33700
33700
33700
33700
33700
33700
36100
36100
36100
36100
36100
36100
36100
36100
36100
36100
36100
36100
36100
36100
36100
36100
36100
36100
36100
36100
36100
36100
38500
38500
38500
38500
38500
38500
38500
38500
38500
38500
38500
38500
38500
38500
38500
38500
38500
38500
38500
38500
38500
38500
41000
41000
41000
41000
41000
41000
41000
41000
41000
41000
41000
41000
41000
41000
41000
41000
41000
41000
41000
41000
41000
41000
43400
43400
43400
43400
43400
43400
43400
43400
43400
43400
43400
43400
43400
43400
43400
43400
43400
43400
43400
43400
43400
43400
45800
45800
45800
45800
45800
45800
45800
45800
45800
45800
45800
45800
45800
45800
45800
45800
45800
45800
45800
45800
45800
45800
48200
48200
48200
48200
48200
48200
48200
48200
48200
48200
48200
48200
48200
48200
48200
48200
48200
48200
48200
48200
48200
48200
50600
50600
50600
50600
50600
50600
50600
50600
50600
50600
50600
50600
50600
50600
50600
50600
50600
50600
50600
50600
50600
50600
53000
53000
53000
53000
53000
53000
53000
53000
53000
53000
53000
53000
53000
53000
53000
53000
53000
53000
53000
53000
53000
53000
55400
55400
55400
55400
55400
55400
55400
55400
55400
55400
55400
55400
55400
55400
55400
55400
55400
55400
55400
55400
55400
55400
57800
57800
57800
57800
57800
57800
57800
57800
57800
57800
57800
57800
57800
57800
57800
57800
57800
57800
57800
57800
57800
57800
60200
60200
60200
60200
60200
60200
60200
60200
60200
60200
60200
60200
60200
60200
60200
60200
60200
60200
60200
60200
60200
60200
62600
62600
62600
62600
62600
62600
62600
62600
62600
62600
62600
62600
62600
62600
62600
62600
62600
62600
62600
62600
62600
62600
65000
65000
65000
65000
65000
65000
65000
65000
65000
65000
65000
65000
65000
65000
65000
65000
65000
65000
65000
65000
65000
65000
67400
67400
67400
67400
67400
67400
67400
67400
67400
67400
67400
67400
67400
67400
67400
67400
67400
67400
67400
67400
67400
67400
27900
27900
27900
27900
27900
27900
27900
27900
27900
27900
27900
27900
27900
27900
27900
27900
27900
30900
30900
30900
30900
30900
30900
30900
30900
30900
30900
30900
30900
30900
30900
30900
30900
30900
33900
33900
33900
33900
33900
33900
33900
33900
33900
33900
33900
33900
33900
33900
33900
33900
33900
36900
36900
36900
36900
36900
36900
36900
36900
36900
36900
36900
36900
36900
36900
36900
36900
36900
39900
39900
39900
39900
39900
39900
39900
39900
39900
39900
39900
39900
39900
39900
39900
39900
39900
42900
42900
42900
42900
42900
42900
42900
42900
42900
42900
42900
42900
42900
42900
42900
42900
42900
46000
46000
46000
46000
46000
46000
46000
46000
46000
46000
46000
46000
46000
46000
46000
46000
46000
49000
49000
49000
49000
49000
49000
49000
49000
49000
49000
49000
49000
49000
49000
49000
49000
49000
52000
52000
52000
52000
52000
52000
52000
52000
52000
52000
52000
52000
52000
52000
52000
52000
52000
55000
55000
55000
55000
55000
55000
55000
55000
55000
55000
55000
55000
55000
55000
55000
55000
55000
58000
58000
58000
58000
58000
58000
58000
58000
58000
58000
58000
58000
58000
58000
58000
58000
58000
61000
61000
61000
61000
61000
61000
61000
61000
61000
61000
61000
61000
61000
61000
61000
61000
61000
64100
64100
64100
64100
64100
64100
64100
64100
64100
64100
64100
64100
64100
64100
64100
64100
64100
67100
67100
67100
67100
67100
67100
67100
67100
67100
67100
67100
67100
67100
67100
67100
67100
67100
27900
27900
27900
27900
27900
27900
27900
27900
27900
27900
27900
27900
27900
27900
27900
27900
27900
30900
30900
30900
30900
30900
30900
30900
30900
30900
30900
30900
30900
30900
30900
30900
30900
30900
33900
33900
33900
33900
33900
33900
33900
33900
33900
33900
33900
33900
33900
33900
33900
33900
33900
36900
36900
36900
36900
36900
36900
36900
36900
36900
36900
36900
36900
36900
36900
36900
36900
36900
39900
39900
39900
39900
39900
39900
39900
39900
39900
39900
39900
39900
39900
39900
39900
39900
39900
42900
42900
42900
42900
42900
42900
42900
42900
42900
42900
42900
42900
42900
42900
42900
42900
42900
46000
46000
46000
46000
46000
46000
46000
46000
46000
46000
46000
46000
46000
46000
46000
46000
46000
49000
49000
49000
49000
49000
49000
49000
49000
49000
49000
49000
49000
49000
49000
49000
49000
49000
52000
52000
52000
52000
52000
52000
52000
52000
52000
52000
52000
52000
52000
52000
52000
52000
52000
55000
55000
55000
55000
55000
55000
55000
55000
55000
55000
55000
55000
55000
55000
55000
55000
55000
58000
58000
58000
58000
58000
58000
58000
58000
58000
58000
58000
58000
58000
58000
58000
58000
58000
61000
61000
61000
61000
61000
61000
61000
61000
61000
61000
61000
61000
61000
61000
61000
61000
61000
64100
64100
64100
64100
64100
64100
64100
64100
64100
64100
64100
64100
64100
64100
64100
64100
64100
67100
67100
67100
67100
67100
67100
67100
67100
67100
67100
67100
67100
67100
67100
67100
67100
67100
27900
27900
27900
27900
27900
27900
27900
27900
27900
27900
27900
27900
27900
27900
27900
27900
27900
30900
30900
30900
30900
30900
30900
30900
30900
30900
30900
30900
30900
30900
30900
30900
30900
30900
33900
33900
33900
33900
33900
33900
33900
33900
33900
33900
33900
33900
33900
33900
33900
33900
33900
36900
36900
36900
36900
36900
36900
36900
36900
36900
36900
36900
36900
36900
36900
36900
36900
36900
39900
39900
39900
39900
39900
39900
39900
39900
39900
39900
39900
39900
39900
39900
39900
39900
39900
42900
42900
42900
42900
42900
42900
42900
42900
42900
42900
42900
42900
42900
42900
42900
42900
42900
46000
46000
46000
46000
46000
46000
46000
46000
46000
46000
46000
46000
46000
46000
46000
46000
46000
49000
49000
49000
49000
49000
49000
49000
49000
49000
49000
49000
49000
49000
49000
49000
49000
49000
52000
52000
52000
52000
52000
52000
52000
52000
52000
52000
52000
52000
52000
52000
52000
52000
52000
55000
55000
55000
55000
55000
55000
55000
55000
55000
55000
55000
55000
55000
55000
55000
55000
55000
58000
58000
58000
58000
58000
58000
58000
58000
58000
58000
58000
58000
58000
58000
58000
58000
58000
61000
61000
61000
61000
61000
61000
61000
61000
61000
61000
61000
61000
61000
61000
61000
61000
61000
64100
64100
64100
64100
64100
64100
64100
64100
64100
64100
64100
64100
64100
64100
64100
64100
64100
67100
67100
67100
67100
67100
67100
67100
67100
67100
67100
67100
67100
67100
67100
67100
67100
67100
27900
27900
27900
27900
27900
27900
27900
27900
27900
27900
27900
27900
27900
27900
27900
27900
27900
30900
30900
30900
30900
30900
30900
30900
30900
30900
30900
30900
30900
30900
30900
30900
30900
30900
33900
33900
33900
33900
33900
33900
33900
33900
33900
33900
33900
33900
33900
33900
33900
33900
33900
36900
36900
36900
36900
36900
36900
36900
36900
36900
36900
36900
36900
36900
36900
36900
36900
36900
39900
39900
39900
39900
39900
39900
39900
39900
39900
39900
39900
39900
39900
39900
39900
39900
39900
42900
42900
42900
42900
42900
42900
42900
42900
42900
42900
42900
42900
42900
42900
42900
42900
42900
46000
46000
46000
46000
46000
46000
46000
46000
46000
46000
46000
46000
46000
46000
46000
46000
46000
49000
49000
49000
49000
49000
49000
49000
49000
49000
49000
49000
49000
49000
49000
49000
49000
49000
52000
52000
52000
52000
52000
52000
52000
52000
52000
52000
52000
52000
52000
52000
52000
52000
52000
55000
55000
55000
55000
55000
55000
55000
55000
55000
55000
55000
55000
55000
55000
55000
55000
55000
58000
58000
58000
58000
58000
58000
58000
58000
58000
58000
58000
58000
58000
58000
58000
58000
58000
61000
61000
61000
61000
61000
61000
61000
61000
61000
61000
61000
61000
61000
61000
61000
61000
61000
64100
64100
64100
64100
64100
64100
64100
64100
64100
64100
64100
64100
64100
64100
64100
64100
64100
67100
67100
67100
67100
67100
67100
67100
67100
67100
67100
67100
67100
67100
67100
67100
67100
67100