432
563
621
601
548
548
571
376
106
150
351
433
355
279
124
0
0
143
467
715
716
507
405
510
592
503
464
573
610
353
0
0
400
429
267
197
178
22
40
221
473
700
709
483
415
513
597
501
492
571
610
357
0
0
415
397
173
96
172
138
164
298
529
702
695
526
421
477
548
506
487
524
545
406
170
158
307
343
147
85
152
162
207
350
548
690
664
530
463
485
552
562
541
533
508
408
201
98
242
356
20
25
182
83
107
309
527
648
659
466
487
516
536
552
503
480
502
391
243
185
344
364
0
0
237
0
0
355
543
668
650
466
519
540
542
531
476
474
469
420
348
326
377
324
0
0
206
0
0
377
556
638
622
462
555
557
563
543
478
454
441
450
430
414
399
297
183
144
177
154
232
412
551
622
592
456
560
560
565
524
471
429
410
455
449
429
402
333
270
235
242
281
345
449
533
562
525
384
571
571
555
522
476
435
444
465
461
443
399
361
329
313
325
357
402
468
525
548
484
340
567
562
541
515
480
460
451
457
453
450
422
394
376
372
382
408
434
474
509
506
453
324
562
555
541
515
486
475
465
462
460
458
445
433
421
421
432
441
459
477
495
481
430
293
565
542
529
513
501
484
479
479
473
459
455
442
430
432
437
446
458
468
476
471
410
262
545
523
515
505
491
493
496
498
477
459
446
456
447
445
451
445
454
457
479
455
399
280
543
518
511
506
500
514
507
501
487
473
460
470
470
470
466
462
463
459
467
465
399
271
513
522
506
514
518
516
500
493
474
475
463
477
477
480
470
459
465
465
466
434
404
268
515
503
534
519
528
505
491
484
468
476
466
471
481
492
474
465
452
451
452
447
400
286
496
483
510
526
541
501
447
458
463
470
465
445
472
490
468
451
440
435
422
429
403
275
591
710
647
665
684
331
0
341
493
385
286
55
8
259
627
785
546
602
719
611
658
709
340
0
361
487
279
238
154
153
348
639
755
569
552
664
613
645
631
405
185
308
393
184
164
179
215
366
645
711
526
580
627
642
629
586
418
287
244
411
0
0
81
43
366
592
686
525
599
588
590
547
569
485
374
371
374
0
0
0
0
391
597
675
506
577
588
569
503
533
513
466
442
354
145
147
178
223
437
614
627
504
600
599
533
509
477
495
482
437
367
286
261
303
384
485
587
579
445
620
601
543
507
501
480
484
455
392
359
361
382
436
507
555
531
356
608
590
530
498
484
476
491
469
427
427
431
442
473
508
520
489
343
591
575
543
522
508
492
501
484
476
467
471
476
489
498
503
453
301
558
551
552
543
540
529
511
480
483
483
486
489
497
485
493
447
315
534
530
523
547
542
508
512
486
483
491
500
481
489
492
487
442
292
536
551
541
546
529
514
504
497
497
507
504
487
486
489
484
434
300
537
552
561
555
510
474
480
500
457
493
515
482
463
461
464
446
316
698
764
755
773
700
367
0
310
557
494
349
108
15
320
651
784
585
694
783
722
755
713
389
0
360
545
383
307
176
157
388
666
761
523
649
721
720
728
689
413
219
399
457
201
190
220
265
453
671
731
539
666
700
696
694
653
474
368
387
413
0
0
256
188
387
634
701
541
660
648
642
631
624
532
463
463
404
0
0
260
205
392
632
690
520
606
615
604
554
582
573
507
471
360
161
162
250
306
443
633
647
507
625
619
572
549
522
520
507
452
389
303
289
337
419
504
606
602
456
640
621
569
546
542
503
509
472
410
378
382
399
468
531
573
554
393
627
608
556
524
507
496
507
483
437
437
441
456
492
529
533
496
339
604
595
574
551
537
510
515
503
489
484
487
501
511
520
513
463
277
571
567
573
570
568
546
526
501
493
497
501
510
518
509
503
456
288
550
545
541
564
561
520
529
501
491
497
509
495
503
511
499
442
275
561
568
559
568
555
530
518
510
511
523
521
501
508
511
502
438
313
566
577
579
574
538
480
470
490
459
501
530
498
472
488
506
468
316
748
810
823
806
708
341
0
288
562
546
414
141
23
363
709
797
609
754
829
807
810
725
311
0
389
554
450
361
205
203
427
706
786
550
737
775
781
781
683
418
255
455
493
215
199
267
320
481
691
747
553
700
740
740
722
670
526
426
482
412
0
0
327
345
460
683
707
570
671
678
687
640
652
564
529
517
366
0
0
374
389
467
668
700
499
633
639
636
601
609
598
540
500
362
141
178
327
383
509
658
656
508
639
630
607
578
547
543
505
478
402
311
305
369
453
532
623
600
450
643
628
594
566
554
525
516
471
426
393
394
419
487
540
586
558
412
627
616
580
549
528
513
514
489
445
443
448
469
507
539
544
500
332
604
603
589
573
554
527
519
507
485
484
489
508
522
529
523
467
326
577
575
581
580
572
550
529
507
494
498
504
518
527
523
512
454
281
564
559
558
576
566
530
534
513
499
502
510
508
515
520
509
449
307
576
572
574
557
549
516
516
506
507
517
518
511
513
511
521
460
320
582
593
594
581
552
475
449
481
460
509
526
498
474
507
536
487
312
775
830
874
813
645
290
0
250
566
568
469
155
15
382
734
804
613
786
836
867
834
653
262
0
341
561
502
423
240
227
454
741
782
573
779
815
837
807
650
381
276
476
501
247
225
324
402
548
727
752
560
713
740
769
743
671
539
493
555
393
0
0
348
480
564
743
711
528
682
692
724
658
659
594
554
560
351
0
0
387
514
546
703
702
513
655
659
656
644
640
623
574
525
354
139
193
405
490
555
676
655
498
642
638
628
611
552
574
503
489
412
314
321
417
502
552
638
598
438
633
627
606
586
566
545
506
470
441
408
402
438
496
536
594
553
413
624
613
596
569
547
531
514
488
452
445
454
481
517
540
548
495
338
602
600
594
585
560
542
515
499
472
479
486
509
520
531
527
459
324
582
579
587
583
567
545
521
504
489
495
503
520
529
529
516
441
283
577
573
572
575
563
538
522
511
502
505
508
514
525
525
520
456
322
587
558
583
543
538
519
505
499
499
509
519
508
513
505
537
480
332
589
600
599
569
539
472
452
471
458
503
521
495
486
518
556
506
324