43
44
32
23
19
8
-7
-22
-32
-31
-29
-15
-3
1
-6
0
0
14
29
30
20
12
33
37
26
18
17
13
7
1
0
0
-10
-1
18
24
1
-2
1
20
34
35
26
16
-1
11
-2
-19
-21
-7
3
5
0
0
7
-10
0
1
-12
5
14
21
28
31
25
16
-41
-24
-29
-46
-47
-24
1
17
32
40
13
-24
-48
-42
-18
16
18
7
9
18
17
15
-69
-56
-49
-47
-37
-21
-5
6
15
7
1
-14
-7
-15
7
27
15
-5
-12
-5
7
7
-87
-74
-60
-47
-34
-26
-23
-24
-34
-61
-36
-18
0
0
2
0
0
-14
-21
-15
-4
2
-86
-74
-59
-46
-31
-25
-29
-43
-60
-70
-61
-35
0
0
-22
0
0
-25
-25
-16
-6
0
-76
-66
-57
-46
-35
-30
-35
-54
-69
-72
-68
-47
-38
-41
-52
-61
-46
-32
-24
-13
-3
1
-60
-56
-51
-46
-43
-45
-52
-61
-64
-61
-60
-52
-46
-48
-55
-60
-50
-34
-21
-10
1
4
-46
-46
-47
-47
-51
-56
-60
-60
-55
-52
-46
-42
-41
-42
-44
-45
-38
-28
-16
-6
1
4
-30
-33
-37
-43
-48
-55
-56
-51
-44
-41
-36
-32
-31
-31
-30
-29
-26
-20
-13
-6
0
3
-16
-20
-24
-30
-36
-43
-44
-41
-36
-31
-26
-21
-19
-18
-17
-15
-13
-10
-7
-4
-1
0
-4
-3
-8
-13
-19
-26
-27
-28
-24
-19
-15
-10
-6
-5
-4
-2
-1
-1
-1
0
0
1
8
11
7
1
-5
-12
-13
-16
-11
-9
-4
-4
1
2
4
7
7
6
4
3
3
3
12
13
12
8
2
-3
-6
-10
-7
-6
-4
-4
-2
1
1
5
6
3
3
2
2
1
3
6
4
3
0
-4
-6
-8
-11
-12
-12
-13
-12
-10
-8
-7
-6
-5
-5
-5
-4
-4
-5
-5
-4
-6
-7
-9
-10
-15
-20
-21
-21
-21
-20
-18
-18
-17
-16
-15
-14
-12
-8
-6
-9
-9
-9
-9
-10
-11
-11
-15
-22
-24
-24
-21
-19
-18
-18
-17
-17
-15
-12
-12
-8
-5
37
29
25
16
-1
-9
0
-11
-4
15
5
-1
-3
6
26
24
14
7
0
-16
-9
2
5
0
15
4
4
-2
-5
5
13
21
20
14
-38
-37
-50
-36
-3
25
45
49
-6
-51
-31
18
37
16
10
11
9
-72
-58
-49
-31
-15
0
-11
-17
-11
0
0
28
27
0
-8
-2
1
-81
-63
-47
-33
-30
-45
-76
-83
-45
0
0
0
0
-22
-21
-12
-3
-68
-56
-45
-35
-41
-60
-81
-82
-61
-35
-49
-81
-76
-43
-26
-10
-2
-59
-51
-43
-46
-56
-64
-67
-63
-56
-51
-56
-70
-66
-39
-23
-7
0
-43
-44
-46
-53
-56
-54
-51
-48
-42
-42
-44
-46
-39
-28
-14
-4
1
-26
-30
-36
-42
-45
-42
-39
-34
-29
-27
-28
-26
-23
-15
-9
-4
0
-5
-12
-17
-23
-29
-29
-24
-19
-15
-11
-10
-8
-7
-4
-2
-1
0
10
6
-1
-8
-14
-14
-11
-7
-4
-1
-1
1
2
4
3
3
3
12
10
6
-2
-6
-6
-9
-5
-5
-4
-4
1
1
0
1
0
0
0
0
-1
-4
-7
-11
-14
-17
-17
-16
-14
-11
-11
-9
-6
-5
-4
-5
-6
-7
-7
-8
-14
-20
-22
-19
-17
-16
-15
-13
-8
-6
-4
-4
21
20
19
14
-3
-14
0
-5
-1
12
2
-4
-4
3
18
17
11
-6
-8
-16
-7
3
7
0
20
8
2
-4
-4
1
7
11
11
6
-44
-41
-47
-33
-2
27
43
54
3
-35
-21
31
48
22
8
4
3
-74
-60
-51
-36
-16
-1
-12
-13
-10
0
0
51
48
13
-1
-4
-3
-82
-65
-50
-36
-38
-48
-78
-87
-56
0
0
-17
-24
-20
-17
-13
-4
-66
-55
-46
-39
-46
-67
-87
-89
-64
-38
-56
-99
-97
-54
-29
-13
-4
-58
-49
-43
-44
-54
-62
-68
-68
-62
-54
-65
-84
-77
-48
-28
-11
-4
-42
-43
-43
-50
-53
-52
-52
-49
-45
-47
-49
-52
-45
-33
-19
-7
-2
-24
-29
-34
-38
-40
-39
-38
-33
-31
-32
-32
-30
-26
-18
-10
-4
-1
-6
-12
-17
-23
-29
-27
-25
-19
-16
-15
-14
-12
-10
-5
-3
0
1
9
6
-1
-8
-13
-13
-12
-8
-5
-4
-4
-3
-1
1
2
2
2
11
9
5
-2
-6
-5
-9
-5
-4
-4
-4
0
1
0
2
2
1
2
1
0
-2
-5
-8
-12
-14
-14
-14
-12
-9
-7
-4
-2
-2
-2
-2
-4
-5
-5
-5
-10
-15
-17
-15
-13
-14
-11
-8
-4
-1
0
-1
10
15
17
11
-4
-12
0
3
0
10
3
-3
-3
-1
12
11
8
-14
-8
-11
-8
-3
2
0
14
8
5
3
0
6
4
4
4
1
-47
-41
-43
-29
-2
25
35
40
9
-13
-5
33
51
23
4
-2
-2
-71
-60
-52
-35
-20
-6
-17
-20
-11
0
0
38
40
17
-1
-5
-5
-76
-64
-52
-39
-39
-50
-78
-84
-49
0
0
-29
-38
-20
-16
-13
-5
-65
-55
-48
-43
-52
-68
-85
-90
-65
-37
-60
-104
-108
-59
-33
-16
-6
-56
-48
-44
-45
-52
-61
-64
-70
-64
-59
-70
-88
-82
-54
-31
-13
-5
-39
-41
-40
-44
-48
-49
-50
-49
-49
-50
-53
-57
-49
-36
-22
-8
-4
-22
-27
-31
-34
-36
-37
-37
-33
-34
-35
-36
-34
-28
-19
-10
-5
-2
-6
-12
-16
-22
-26
-25
-23
-19
-18
-17
-17
-16
-13
-8
-3
0
1
7
5
-2
-8
-12
-12
-12
-8
-7
-6
-6
-6
-3
-1
1
3
3
9
8
4
-1
-4
-4
-6
-5
-3
-3
-3
-1
0
0
3
3
3
3
2
0
-1
-2
-6
-7
-9
-9
-10
-8
-7
-3
0
1
2
1
-1
-2
-3
-3
-2
-7
-11
-12
-11
-9
-11
-9
-4
0
3
3
0
-1
10
10
8
-3
-7
0
6
2
9
1
-2
-2
-2
6
6
4
-18
-8
-10
-8
-6
-7
0
4
10
17
13
7
4
-2
-2
-2
-4
-47
-41
-38
-28
-6
12
14
20
14
15
19
33
43
19
0
-6
-7
-66
-58
-51
-37
-23
-14
-23
-22
-15
0
0
20
30
14
-4
-7
-5
-69
-61
-52
-41
-41
-52
-71
-72
-48
0
0
-35
-40
-21
-16
-12
-5
-62
-54
-47
-47
-54
-68
-82
-85
-64
-43
-62
-99
-104
-62
-35
-19
-7
-52
-47
-43
-46
-49
-58
-60
-70
-67
-64
-74
-91
-85
-55
-32
-13
-6
-36
-38
-36
-39
-41
-46
-46
-50
-52
-52
-57
-60
-52
-36
-24
-9
-4
-20
-24
-28
-30
-32
-34
-34
-34
-36
-38
-39
-37
-29
-21
-12
-5
-2
-5
-9
-14
-20
-21
-22
-20
-19
-19
-20
-21
-20
-16
-10
-4
0
1
4
3
-3
-8
-11
-12
-11
-9
-8
-8
-8
-8
-5
-3
1
3
3
8
7
4
1
-1
-3
-5
-4
-3
-3
-3
-3
0
2
3
4
4
3
2
1
1
1
-1
-2
-4
-4
-5
-5
-3
1
3
5
5
3
1
-1
-2
1
1
-1
-3
-5
-6
-7
-7
-5
1
4
5
5
1