5
2
1
1
-1
-2
-3
-1
2
4
3
2
0
-5
-16
-24
-23
10
6
1
0
-3
-6
-5
0
7
11
11
10
3
-7
-21
-33
-32
8
2
-1
-4
-6
-7
-4
2
11
18
21
21
12
0
-16
-22
-19
-4
-9
-14
-14
-14
-13
-8
2
19
37
42
44
36
23
6
-4
-9
-22
-31
-32
-30
-29
-24
-16
5
30
53
69
71
62
48
29
13
1
-49
-59
-57
-51
-48
-39
-25
10
47
80
99
101
85
73
52
31
11
-71
-82
-76
-76
-71
-58
-32
7
60
110
131
129
109
85
70
43
17
-87
-95
-98
-106
-98
-73
-44
-3
66
146
183
161
125
89
70
42
14
-116
-111
-120
-125
-116
-78
-45
-35
37
166
223
182
123
85
50
20
3
-162
-152
-141
-121
-101
-42
-18
-48
-29
106
176
146
101
62
22
0
-4
-187
-171
-148
-126
-90
-6
81
48
0
0
-8
22
31
22
-6
-15
-7
-164
-150
-145
-146
-113
4
214
258
137
-51
-139
-99
-41
-32
-27
-17
-7
-135
-131
-126
-137
-96
-17
102
204
118
-71
-164
-143
-98
-63
-36
-18
-4
-107
-104
-88
-57
-26
-15
0
-11
-14
-74
-137
-148
-115
-69
-29
-12
-3
-85
-69
-53
-1
55
23
-80
-101
-82
-97
-130
-142
-116
-66
-20
-3
5
-85
-57
-54
-52
-20
-18
-53
-79
-99
-122
-143
-144
-102
-38
21
35
20
5
2
1
0
-1
-2
-2
-1
2
4
3
2
-1
-7
-15
-23
-23
10
5
1
0
-3
-4
-4
0
7
11
11
8
2
-8
-20
-31
-29
7
0
-2
-4
-6
-6
-4
2
11
17
20
21
12
1
-14
-21
-18
-5
-10
-14
-14
-13
-11
-7
2
18
33
40
41
35
22
7
-5
-7
-22
-32
-30
-30
-29
-22
-15
5
28
49
65
65
60
46
26
12
1
-45
-56
-55
-49
-49
-38
-23
10
47
76
95
97
80
72
48
27
9
-65
-77
-78
-76
-73
-56
-32
6
62
114
135
134
109
84
64
40
14
-83
-91
-103
-104
-91
-73
-45
-6
65
146
180
160
127
91
66
38
12
-116
-119
-119
-119
-108
-71
-45
-33
32
152
216
181
120
82
52
21
4
-157
-150
-137
-121
-95
-39
-13
-27
-3
72
164
140
98
59
25
4
-2
-178
-165
-151
-131
-91
-7
77
54
0
0
-3
22
25
20
-3
-12
-6
-168
-161
-159
-162
-123
-13
191
248
114
-32
-117
-96
-47
-35
-25
-15
-5
-146
-143
-135
-142
-100
-38
100
205
121
-51
-142
-136
-96
-63
-34
-17
-3
-120
-112
-95
-69
-40
-27
0
3
-8
-67
-129
-143
-110
-63
-28
-10
-3
-96
-84
-62
-5
45
27
-59
-91
-78
-93
-129
-141
-109
-62
-18
-1
4
-93
-68
-59
-48
-16
-9
-48
-80
-104
-119
-140
-141
-105
-42
20
30
18
4
2
1
0
-1
-2
-2
0
3
4
2
1
-2
-6
-14
-19
-22
9
5
1
0
-3
-4
-4
1
7
10
10
7
0
-8
-19
-28
-27
5
0
-3
-4
-5
-5
-3
2
10
16
18
20
12
2
-11
-19
-17
-5
-11
-14
-13
-12
-9
-6
3
15
30
36
40
33
20
7
-5
-7
-21
-30
-30
-28
-26
-20
-14
4
27
46
60
61
57
43
23
9
-1
-40
-50
-52
-48
-46
-37
-22
10
46
72
91
91
75
67
43
21
6
-56
-68
-76
-70
-68
-53
-29
9
59
99
122
122
100
78
57
33
10
-75
-80
-97
-96
-85
-69
-40
-5
62
139
171
150
115
82
59
33
11
-106
-110
-116
-112
-97
-59
-40
-28
36
141
194
160
115
78
49
20
6
-144
-137
-126
-108
-81
-32
-6
0
32
67
158
128
83
55
25
3
-1
-169
-152
-142
-127
-90
-8
73
79
60
41
20
25
23
14
0
-9
-4
-157
-151
-152
-151
-120
-14
170
237
114
-6
-87
-77
-40
-35
-23
-12
-3
-144
-138
-132
-139
-108
-38
66
196
119
-43
-130
-123
-87
-54
-31
-14
-2
-120
-113
-94
-75
-47
1
21
27
7
-59
-118
-139
-103
-57
-26
-9
-2
-96
-85
-60
-14
29
19
-35
-76
-74
-88
-120
-139
-105
-58
-16
1
3
-88
-67
-57
-44
-16
-13
-44
-77
-99
-110
-129
-140
-97
-33
18
27
13
4
2
1
0
-1
-2
-2
0
3
3
2
1
-1
-6
-12
-22
-19
7
4
1
-1
-3
-4
-3
1
7
9
9
5
0
-6
-18
-27
-27
4
0
-3
-4
-4
-4
-2
2
9
15
16
16
10
1
-9
-18
-15
-5
-10
-14
-13
-10
-7
-3
3
12
25
32
35
30
17
7
-4
-8
-20
-26
-29
-25
-22
-18
-11
4
23
42
54
55
49
39
21
7
-2
-34
-42
-45
-43
-39
-34
-19
10
42
64
84
76
68
58
36
16
4
-47
-58
-64
-60
-57
-48
-26
10
51
82
114
111
85
68
47
25
8
-61
-67
-88
-86
-70
-53
-34
0
52
116
141
127
97
71
51
28
9
-89
-102
-105
-101
-77
-50
-33
-17
44
121
169
136
103
69
42
17
7
-127
-122
-111
-92
-66
-25
1
19
51
82
133
108
66
50
23
1
-1
-142
-134
-126
-110
-78
-5
65
107
94
59
33
23
22
10
0
-6
-3
-140
-136
-138
-133
-109
-7
155
209
149
22
-60
-68
-37
-32
-20
-9
-3
-126
-125
-120
-129
-102
-19
92
186
110
-28
-106
-105
-76
-45
-26
-11
-1
-108
-98
-87
-72
-43
10
47
39
19
-51
-103
-123
-89
-49
-22
-7
-1
-91
-82
-55
-19
15
18
-23
-58
-62
-76
-103
-116
-96
-50
-12
1
2
-82
-62
-49
-37
-18
-8
-46
-71
-84
-98
-108
-130
-90
-28
14
25
12