968
965
965
974
973
975
972
965
965
973
977
973
978
974
961
957
916
887
884
911
899
896
915
900
883
894
902
909
919
913
914
903
847
747
809
820
822
839
835
809
800
794
799
822
836
831
833
830
821
762
605
767
774
760
770
776
753
756
738
748
765
775
781
793
799
785
716
554
775
779
750
750
739
719
714
695
711
722
747
766
789
809
788
714
551
799
788
774
759
744
703
677
686
676
674
718
761
793
843
815
743
524
815
782
750
756
739
712
666
615
607
637
662
753
784
827
830
798
592
821
780
767
775
771
717
658
598
551
600
714
822
833
850
852
821
605
912
788
765
797
801
722
610
538
380
405
649
852
873
887
881
831
555
960
822
806
789
772
682
652
486
134
162
466
812
903
911
905
828
603
934
827
812
799
714
604
624
429
0
0
389
761
921
911
908
828
600
873
803
807
736
546
362
450
465
226
164
556
852
918
915
888
824
562
894
803
821
757
371
75
108
474
489
484
695
816
894
875
854
792
567
871
821
772
716
252
39
0
457
629
664
700
795
862
823
800
723
527
809
756
729
692
352
80
181
467
652
711
736
753
768
738
763
710
521
736
743
717
669
421
232
292
540
665
734
744
732
710
718
761
700
526
958
959
965
970
970
971
965
955
959
969
976
970
973
969
957
956
913
868
868
882
881
878
884
884
865
872
889
896
888
902
904
886
843
740
778
790
784
813
791
764
755
759
774
795
811
800
800
801
796
749
609
724
736
713
721
729
698
727
703
715
734
741
745
753
767
751
709
544
750
757
696
713
692
666
695
673
676
690
711
720
750
773
748
701
562
779
772
735
702
711
660
680
649
650
645
688
715
745
822
777
708
505
813
785
764
739
735
686
658
609
613
653
678
746
765
813
809
777
554
829
789
803
767
753
715
662
594
562
611
726
801
824
849
844
806
556
921
838
785
798
793
752
668
561
396
437
662
844
858
882
893
826
578
939
862
831
809
800
734
701
524
151
197
529
845
913
929
900
823
509
964
885
859
804
732
656
670
415
0
0
367
812
930
917
900
826
587
949
909
904
829
629
439
514
474
258
204
578
838
906
902
851
801
525
952
908
898
840
456
210
128
481
521
518
706
813
864
851
801
773
522
900
878
865
781
384
90
0
453
635
666
702
791
825
780
767
702
512
821
817
792
721
414
91
176
459
660
691
719
740
719
707
734
686
510
792
770
742
681
431
239
308
551
686
726
739
733
701
710
724
678
499
948
951
948
951
958
952
948
947
948
959
960
946
955
955
951
947
919
841
834
849
832
849
840
841
830
847
865
865
853
873
867
866
826
732
746
753
743
771
727
718
711
718
747
764
782
766
765
768
769
730
604
680
688
665
666
673
643
680
662
677
696
700
711
702
727
714
682
541
694
697
646
647
625
611
640
635
631
645
663
660
691
717
706
661
523
727
712
673
646
653
613
629
612
622
613
649
666
689
766
735
669
475
767
750
725
680
681
637
595
553
565
587
620
672
696
750
760
700
529
794
706
770
718
697
676
613
573
545
597
683
733
746
765
787
722
505
854
788
782
752
749
703
644
555
454
485
639
768
818
823
836
783
579
883
811
780
742
741
700
720
566
295
322
608
802
836
879
865
763
524
934
844
827
797
741
679
699
460
275
275
473
790
886
888
868
754
511
911
883
877
805
670
512
549
544
393
373
589
786
881
863
810
729
451
928
895
879
851
597
331
152
504
585
546
675
772
796
757
740
702
467
852
866
848
820
487
138
125
479
620
618
666
747
763
703
734
647
457
774
782
764
727
484
160
196
451
630
660
676
719
697
693
704
657
458
731
728
707
673
461
316
348
541
654
679
682
702
651
653
678
616
445
933
944
939
934
951
939
940
936
941
947
918
931
943
945
946
930
913
799
776
803
774
790
793
782
785
815
826
816
805
813
818
843
784
767
700
695
676
718
668
642
644
659
694
714
727
719
699
709
718
689
577
615
608
599
603
606
573
592
599
615
615
649
651
632
660
647
636
513
606
601
568
571
544
521
562
575
561
579
600
591
590
642
636
593
473
648
595
569
557
560
543
543
539
562
548
589
559
602
666
639
599
457
680
646
620
583
565
542
519
467
496
499
569
603
598
660
657
617
452
685
605
719
649
573
567
531
490
482
521
581
608
638
659
689
633
477
744
746
703
680
639
628
588
535
475
482
608
672
722
708
715
679
531
791
735
693
650
661
634
658
554
430
447
597
719
741
807
802
682
500
810
768
747
702
675
629
626
540
462
458
544
733
814
819
783
655
475
839
815
809
733
672
563
581
575
533
469
592
710
802
748
713
642
428
815
826
809
814
650
432
332
536
582
535
600
678
709
639
656
611
435
750
760
781
768
563
330
286
467
589
560
582
664
670
602
635
544
411
691
724
699
659
521
305
285
473
558
587
591
606
645
615
603
581
410
662
650
629
624
445
357
379
516
557
607
576
649
595
557
592
548
400