13
8
3
8
6
9
13
9
10
11
7
7
10
8
9
9
8
35
30
23
22
19
22
18
19
25
26
26
23
22
21
25
19
22
49
40
37
35
30
37
35
36
39
38
37
34
35
36
37
31
23
56
54
53
42
41
45
46
42
49
49
44
43
45
46
49
42
32
82
83
75
67
60
61
62
61
62
59
59
59
61
63
61
53
39
100
108
108
98
89
82
77
83
82
79
80
81
81
91
82
67
41
93
106
113
112
103
97
91
85
81
67
65
79
94
104
87
64
40
65
76
86
94
105
105
105
91
71
54
49
60
77
76
61
42
25
17
27
33
59
84
102
114
98
62
46
29
32
28
22
9
10
6
13
20
27
38
56
73
75
72
48
52
29
9
-10
-22
-25
-16
-6
25
58
64
63
50
24
-5
-14
0
0
-4
-3
-21
-39
-40
-28
-17
-3
33
68
71
54
12
-40
-69
-71
-43
-31
-11
-20
-29
-35
-30
-22
-50
-36
-4
15
21
18
-8
-57
-66
-45
-34
-22
-24
-24
-25
-24
-18
-58
-76
-57
-49
-19
-3
0
-36
-32
-30
-23
-23
-22
-19
-18
-15
-11
-18
-53
-67
-65
-62
-30
-9
-1
1
-6
-7
-12
-11
-14
-12
-10
-6
-2
-17
-35
-35
-23
-5
8
23
23
10
6
5
6
3
5
-1
-1
5
0
-1
2
2
1
2
-1
1
4
4
3
4
2
2
1
2
18
12
11
5
2
1
2
3
13
12
12
11
8
7
13
4
7
36
25
24
23
14
23
22
25
26
26
25
21
24
25
24
19
12
42
40
40
29
29
32
35
30
37
36
30
29
32
34
37
29
20
67
70
59
56
47
48
52
51
49
45
44
44
48
49
48
39
29
81
89
88
80
72
68
70
73
70
66
67
66
62
78
67
54
30
79
90
95
95
91
85
80
76
70
65
62
67
74
85
73
56
32
53
63
73
80
93
94
96
83
69
57
49
53
59
58
48
35
20
23
34
35
59
76
95
105
94
78
63
42
33
27
22
12
8
5
17
25
37
46
63
72
75
80
68
83
43
15
-2
-13
-19
-14
-6
24
49
62
64
55
40
19
9
0
0
-15
-8
-14
-33
-34
-26
-16
-3
27
52
67
65
50
-3
-55
-93
-68
-49
-22
-20
-28
-32
-27
-18
-43
-28
-2
15
34
48
11
-53
-82
-64
-44
-30
-22
-23
-22
-22
-14
-48
-61
-50
-43
-25
-1
0
-43
-42
-33
-30
-22
-19
-15
-15
-12
-9
-22
-48
-61
-68
-71
-40
-26
-14
-9
-7
-8
-8
-10
-9
-8
-7
-4
1
-17
-32
-31
-16
-4
4
14
15
12
9
13
16
12
8
4
2
-3
-4
-6
-6
-5
-6
-5
-10
-7
-2
-3
-6
-8
-6
-6
-6
-5
6
2
-2
-4
-7
-9
-7
-5
0
0
1
-2
-4
-4
0
-4
-4
21
11
9
8
0
7
9
12
12
12
12
6
10
11
9
7
2
29
25
27
17
16
20
23
21
24
23
18
17
19
22
25
18
11
51
53
45
42
34
35
40
40
36
34
31
30
35
36
37
28
17
62
66
67
61
57
53
57
59
56
51
53
50
45
59
51
39
19
60
70
72
76
72
68
63
59
56
51
51
52
54
62
53
42
23
40
47
58
65
73
80
77
70
64
55
44
41
40
41
36
27
15
21
31
35
50
63
76
84
83
88
72
44
27
24
19
12
6
4
22
26
34
40
54
64
68
82
83
86
49
15
1
-6
-14
-11
-5
23
43
50
58
58
53
42
29
12
-14
-20
-9
-11
-27
-28
-21
-11
2
24
41
56
68
71
30
-40
-99
-89
-60
-25
-18
-26
-28
-22
-13
-33
-17
2
12
42
67
34
-48
-86
-75
-50
-29
-18
-18
-18
-17
-10
-38
-44
-35
-34
-20
21
-28
-48
-45
-33
-28
-19
-15
-11
-12
-9
-6
-24
-37
-45
-54
-69
-55
-44
-25
-13
-8
-8
-4
-6
-5
-3
-3
-1
0
-14
-25
-24
-14
-10
-3
6
8
11
9
17
17
15
12
6
5
-6
-6
-8
-11
-8
-9
-9
-13
-9
-8
-9
-10
-8
-11
-11
-12
-10
-3
-6
-10
-9
-13
-16
-13
-11
-10
-12
-7
-11
-14
-14
-9
-10
-12
8
2
0
-2
-5
-3
-1
3
2
1
0
0
0
1
-1
-1
-5
19
16
14
9
7
9
10
14
13
13
10
11
12
15
13
9
3
36
31
31
26
21
22
27
30
23
21
19
18
19
23
23
17
8
44
42
44
43
41
36
41
42
41
36
38
32
31
38
34
26
13
42
46
47
53
51
48
44
42
42
33
40
36
35
36
33
26
14
31
34
47
49
51
55
55
52
52
44
32
27
27
26
25
21
11
20
26
30
38
47
55
64
68
75
65
40
21
18
16
11
5
5
19
23
29
33
43
48
57
66
69
71
42
14
4
-1
-11
-8
-4
18
33
40
45
51
50
40
31
7
-13
-15
-6
-8
-21
-22
-14
-8
3
19
30
42
62
72
42
-26
-83
-76
-55
-24
-16
-22
-22
-16
-9
-19
-9
1
15
40
63
33
-41
-76
-69
-46
-23
-15
-14
-14
-11
-7
-24
-27
-23
-24
-13
18
-24
-43
-45
-32
-24
-16
-11
-8
-8
-5
-3
-16
-26
-30
-40
-55
-54
-48
-25
-14
-9
-6
-2
-2
-2
0
-1
1
-3
-11
-16
-18
-9
-14
-7
3
4
7
8
16
16
18
13
8
6