-55
-55
-48
-44
-67
-71
0
17
-7
23
81
66
-16
-95
-71
-27
-8
-50
-42
-18
8
34
29
0
-89
-125
-12
128
137
4
-95
-94
-47
-18
-32
-21
10
47
82
76
-61
-226
-223
-57
94
145
39
-31
-52
-36
-16
-15
0
28
58
81
57
-49
-137
-132
-28
26
55
14
-25
-36
-33
-14
0
11
37
61
72
60
12
-7
13
0
0
-46
-68
-64
-60
-47
-16
12
20
37
59
75
78
69
80
112
44
-85
-152
-138
-117
-101
-62
-27
20
30
44
58
69
75
80
94
93
35
-65
-131
-149
-143
-111
-67
-30
25
32
44
55
62
69
74
78
61
18
-34
-95
-114
-120
-104
-66
-29
26
34
42
47
51
54
55
50
35
4
-30
-70
-87
-90
-73
-47
-17
22
30
35
38
38
37
35
31
19
1
-22
-45
-55
-56
-43
-24
-11
19
22
25
25
24
23
22
18
9
-4
-15
-27
-31
-28
-19
-9
-2
17
16
12
8
7
7
11
9
5
-3
-10
-14
-12
-6
-1
2
3
12
10
4
-3
-7
-1
3
5
4
0
-5
-7
-1
8
8
8
3
8
7
0
-7
-10
-7
1
3
4
5
-3
-5
2
11
12
7
1
-45
-51
-49
-48
-62
-47
0
4
-17
23
66
41
-8
-89
-63
-28
-10
-44
-37
-17
3
21
13
0
-74
-111
-4
123
129
0
-90
-87
-48
-17
-30
-19
12
51
81
62
-55
-210
-212
-59
91
141
44
-37
-56
-36
-16
-13
1
31
59
79
51
-48
-138
-146
-47
49
69
19
-25
-38
-30
-13
2
13
40
63
70
52
5
-11
0
0
0
-42
-57
-61
-59
-43
-15
11
19
35
55
67
69
59
72
101
40
-79
-149
-133
-110
-89
-54
-23
19
30
42
54
65
68
77
90
88
32
-68
-130
-140
-130
-103
-61
-26
23
30
41
52
58
65
72
73
56
15
-35
-90
-106
-113
-94
-60
-23
24
31
39
44
47
50
50
47
32
3
-30
-63
-79
-84
-67
-43
-15
20
28
32
36
36
33
32
29
17
-1
-23
-39
-52
-51
-39
-22
-9
19
20
22
23
22
21
21
16
8
-5
-16
-25
-30
-25
-17
-7
-1
16
14
10
6
5
6
10
8
4
-3
-9
-13
-12
-5
1
2
2
12
9
3
-4
-6
-2
1
3
4
0
-4
-6
1
8
9
7
3
7
6
1
-6
-9
-7
0
1
3
4
-2
-3
4
11
11
6
0
-34
-42
-45
-48
-62
-49
-19
-7
-22
13
51
22
0
-69
-54
-27
-11
-39
-32
-16
1
15
0
-37
-88
-100
-3
112
114
3
-82
-81
-45
-17
-28
-17
13
48
74
44
-56
-184
-196
-58
88
134
39
-38
-54
-36
-15
-11
3
30
57
73
42
-61
-140
-147
-55
44
71
17
-25
-37
-29
-12
3
13
37
57
66
46
-2
-24
-14
-4
-6
-34
-57
-53
-54
-38
-11
12
19
33
50
60
59
49
63
89
28
-70
-130
-122
-96
-75
-45
-18
17
26
37
48
59
59
67
79
80
24
-65
-119
-124
-113
-93
-56
-23
21
27
36
46
53
59
64
61
51
11
-39
-83
-95
-100
-84
-51
-18
20
28
35
42
43
46
45
43
28
2
-30
-57
-70
-76
-62
-38
-13
17
23
29
32
34
30
30
27
14
-3
-22
-35
-48
-47
-35
-20
-7
16
17
18
19
18
18
18
14
7
-5
-15
-22
-27
-20
-14
-7
-3
15
13
8
5
3
5
8
7
3
-3
-9
-11
-10
-4
2
3
2
11
8
3
-3
-6
-3
1
3
3
0
-3
-4
2
8
9
6
2
6
5
1
-4
-8
-6
0
0
2
3
-1
-1
5
9
9
4
-1
-25
-33
-39
-46
-62
-59
-39
-36
-23
4
45
31
8
-47
-42
-24
-10
-31
-27
-14
0
5
-14
-60
-102
-93
-10
94
106
13
-65
-65
-39
-14
-23
-12
11
44
55
23
-63
-159
-165
-59
71
105
36
-37
-50
-32
-13
-9
4
26
48
63
30
-52
-129
-134
-61
33
60
18
-25
-33
-26
-11
3
12
31
49
58
37
-8
-30
-23
-14
-14
-28
-41
-44
-47
-30
-9
11
17
29
41
51
48
41
54
70
18
-59
-107
-105
-80
-61
-37
-15
14
22
31
38
47
50
58
68
66
18
-55
-103
-105
-90
-79
-46
-20
16
23
29
39
44
50
47
47
41
9
-39
-71
-86
-83
-72
-37
-14
16
23
29
34
37
38
39
37
22
2
-24
-49
-59
-61
-53
-33
-12
15
18
22
25
27
24
25
20
12
-5
-18
-31
-38
-36
-31
-17
-8
13
13
13
15
14
14
16
12
5
-6
-12
-19
-19
-16
-12
-7
-1
13
10
6
3
2
4
6
6
2
-3
-8
-9
-6
-2
3
3
1
9
8
3
-3
-6
-3
1
2
1
-1
-3
-3
2
7
8
5
1
4
4
2
-3
-7
-6
0
0
1
2
0
1
5
8
6
1
-1