798
843
849
800
606
244
0
223
518
596
459
141
20
357
684
788
574
789
833
848
810
592
192
0
306
587
574
453
253
238
478
706
762
576
769
800
831
786
621
347
231
452
511
251
260
370
449
579
742
732
501
725
739
756
741
663
538
530
578
394
45
58
340
560
617
729
715
505
691
705
709
675
658
600
588
606
294
0
0
367
582
625
708
705
500
614
619
619
601
622
616
572
531
352
127
182
429
556
585
682
658
496
603
616
604
592
558
544
502
490
408
324
336
438
519
566
620
593
431
610
587
575
570
539
511
478
470
435
408
395
452
483
534
575
549
402
591
575
553
530
508
496
483
458
421
428
433
468
507
533
532
472
318
575
566
554
544
522
500
469
472
437
460
461
481
523
527
502
436
313
559
555
537
548
534
499
486
475
448
474
479
480
511
505
491
444
290
547
536
534
524
533
495
480
482
463
481
480
478
501
498
499
450
328
557
544
551
529
525
503
470
474
471
472
483
488
488
500
534
478
334
565
575
572
556
518
464
449
456
443
476
495
471
483
510
556
513
331
799
831
823
771
599
186
0
228
566
620
452
85
11
340
702
774
582
774
819
823
780
582
178
0
278
577
570
481
263
250
514
702
749
565
742
775
824
765
601
336
272
467
529
325
312
407
496
601
745
706
503
694
715
742
737
645
535
530
573
407
103
147
417
608
656
703
676
491
658
676
694
687
645
607
609
582
328
0
0
407
609
665
703
660
452
575
583
582
562
572
580
547
535
345
164
202
441
580
626
678
634
448
558
576
568
564
543
506
495
483
403
330
352
457
525
573
597
565
402
578
542
540
541
509
479
473
458
413
395
396
443
478
531
550
531
363
541
527
513
503
471
461
442
422
392
405
411
452
478
516
503
449
294
548
518
517
507
490
461
433
443
403
432
427
454
496
507
471
415
294
531
514
489
515
501
456
450
441
407
441
449
440
488
480
467
427
285
520
501
499
476
499
455
441
456
426
444
435
438
473
474
474
434
316
530
529
522
513
508
471
445
450
430
443
453
452
466
481
503
468
321
535
552
543
537
499
443
440
439
420
444
456
450
463
488
537
507
328
748
795
810
738
598
269
204
281
566
591
474
94
89
350
690
730
605
725
750
772
752
595
281
232
368
598
603
506
292
311
482
681
702
536
709
728
780
726
579
399
355
479
556
392
380
447
508
583
699
676
472
628
662
694
676
619
538
557
597
444
203
253
458
614
620
610
631
441
589
613
633
627
594
582
582
595
342
76
119
442
653
642
660
609
435
531
539
541
522
527
541
520
524
360
200
260
452
580
588
614
570
388
507
514
516
508
505
459
449
452
390
343
351
441
500
539
565
516
372
518
486
484
493
468
445
438
402
380
365
376
428
450
502
512
465
312
479
471
470
475
431
422
399
383
361
380
388
435
439
486
471
424
273
480
456
469
454
450
419
392
402
363
383
371
421
460
467
439
387
272
480
455
439
449
446
409
400
402
362
396
393
398
455
419
436
398
284
487
465
460
427
447
412
404
416
386
394
386
394
433
444
439
410
287
502
497
485
454
443
421
390
398
380
397
402
406
418
431
464
433
292
495
502
496
491
461
415
425
410
383
405
414
415
426
432
481
468
302
657
707
745
672
590
380
347
423
551
525
476
247
286
394
631
671
530
638
639
702
687
549
380
393
471
569
539
479
359
365
472
627
629
453
631
624
725
665
559
459
438
512
549
457
434
447
484
536
624
600
418
530
549
625
557
541
507
528
547
454
331
346
460
532
535
508
552
421
493
523
521
524
513
484
544
539
398
221
281
441
564
563
581
543
371
462
453
458
448
460
484
484
499
377
292
319
414
530
528
528
486
351
418
440
441
405
415
408
404
411
364
332
347
412
447
464
495
434
331
402
410
388
416
393
386
342
326
326
335
338
387
406
425
443
377
267
398
395
389
391
364
350
338
330
308
333
336
383
360
412
420
375
259
395
380
372
351
355
342
329
310
308
310
305
364
381
383
386
359
269
398
376
366
358
355
351
343
332
302
318
313
345
373
350
399
360
249
419
391
380
363
359
352
335
353
315
326
316
334
353
388
404
364
242
432
440
428
390
366
355
326
335
319
332
344
350
357
360
392
396
271
415
419
416
410
397
353
374
346
330
347
351
358
367
391
404
392
248