-5
8
9
6
0
5
0
10
7
7
1
-2
-6
-6
0
3
1
-22
-12
-9
-10
-14
-13
0
-3
15
32
22
5
-8
-11
-9
-8
-8
-44
-36
-35
-30
-17
-9
-23
-3
17
43
45
31
25
10
-5
-9
-10
-61
-55
-47
-38
-26
-22
-36
-30
-21
12
11
9
16
9
-3
-9
-7
-62
-57
-49
-42
-44
-51
-63
-70
-39
0
0
-36
-39
-19
-14
-11
-4
-52
-47
-41
-41
-51
-68
-72
-77
-63
-50
-64
-91
-89
-54
-30
-14
-6
-42
-38
-37
-39
-45
-53
-56
-67
-66
-71
-80
-86
-76
-53
-30
-14
-6
-31
-30
-30
-33
-35
-40
-41
-49
-50
-55
-54
-57
-46
-36
-22
-10
-4
-16
-19
-23
-24
-26
-29
-29
-31
-32
-36
-37
-34
-27
-20
-10
-5
-1
-2
-5
-10
-16
-18
-17
-14
-17
-17
-19
-19
-17
-14
-8
-3
0
1
4
3
-2
-6
-9
-10
-7
-7
-6
-7
-8
-7
-5
-2
1
3
3
8
7
4
1
0
-1
-2
-1
-1
-2
-2
-2
1
2
4
4
4
4
3
2
3
5
4
3
2
2
-1
0
2
5
6
7
6
3
1
0
0
3
4
5
4
1
-1
-3
-3
0
5
8
7
5
1
-9
6
8
5
1
13
0
19
15
9
-1
-5
-12
-14
-6
0
-1
-25
-14
-10
-11
-14
-14
0
-2
23
40
24
-5
-27
-24
-15
-11
-10
-42
-33
-33
-29
-24
-36
-58
-20
19
61
58
24
12
1
-9
-12
-12
-54
-48
-44
-39
-32
-35
-50
-40
-20
34
37
8
11
5
-4
-8
-8
-55
-50
-46
-43
-45
-50
-60
-61
-40
0
0
-35
-30
-16
-14
-11
-4
-44
-40
-36
-36
-44
-60
-64
-69
-62
-70
-78
-82
-73
-45
-25
-13
-6
-33
-31
-31
-33
-41
-45
-53
-61
-65
-74
-81
-80
-70
-47
-25
-13
-6
-25
-24
-24
-27
-29
-35
-38
-46
-46
-52
-54
-53
-42
-34
-20
-9
-3
-13
-15
-18
-19
-22
-24
-24
-27
-29
-33
-33
-30
-26
-18
-9
-4
0
0
-3
-7
-12
-14
-13
-12
-15
-15
-17
-18
-15
-13
-7
-2
0
1
5
4
-1
-4
-6
-7
-5
-5
-5
-5
-7
-7
-4
-1
2
3
3
8
7
5
2
2
1
0
2
1
0
0
0
2
3
4
5
4
5
4
4
5
7
8
9
8
5
3
4
5
8
10
7
5
2
2
0
1
5
8
8
9
7
3
1
0
4
10
11
9
5
0
-10
3
7
5
2
12
38
27
17
8
-1
-18
-56
-25
-9
0
-2
-26
-15
-10
-10
-14
-20
-28
4
29
45
25
-24
-49
-34
-19
-12
-11
-40
-31
-29
-26
-29
-55
-79
-34
21
70
58
16
-3
-9
-13
-14
-12
-45
-40
-39
-36
-36
-42
-58
-45
-13
59
60
11
4
1
-5
-9
-7
-43
-41
-39
-40
-41
-47
-54
-55
-36
-5
-7
-26
-23
-9
-10
-9
-3
-35
-32
-29
-31
-38
-52
-54
-60
-60
-86
-85
-68
-56
-33
-19
-10
-5
-26
-25
-24
-25
-34
-37
-44
-53
-61
-77
-77
-67
-54
-37
-23
-12
-5
-18
-17
-17
-20
-23
-28
-32
-36
-42
-47
-49
-46
-34
-26
-17
-7
-1
-8
-10
-13
-14
-16
-18
-19
-23
-25
-29
-27
-27
-23
-16
-8
-3
1
0
-2
-5
-8
-10
-8
-10
-13
-12
-15
-15
-13
-12
-7
-1
0
1
5
4
1
-2
-3
-5
-3
-3
-3
-5
-6
-6
-4
-1
2
3
2
8
7
5
3
3
3
3
4
4
2
2
2
3
4
5
5
3
5
4
4
6
8
9
9
10
7
6
6
8
10
10
7
4
1
2
1
2
7
10
11
13
11
7
4
3
7
12
11
8
3
-1
-9
0
4
4
2
13
34
27
19
7
-4
-28
-56
-30
-8
-1
-1
-24
-14
-9
-8
-12
-25
-25
7
28
36
17
-31
-56
-43
-18
-12
-8
-33
-24
-25
-24
-30
-53
-73
-31
23
61
49
4
-12
-14
-14
-13
-10
-34
-30
-33
-28
-31
-45
-58
-37
-3
60
54
11
1
-2
-5
-8
-6
-29
-30
-29
-30
-33
-36
-46
-45
-30
-10
-5
-15
-14
-6
-8
-6
-3
-25
-21
-21
-24
-30
-42
-44
-51
-55
-82
-76
-51
-39
-21
-13
-8
-4
-18
-18
-17
-16
-24
-29
-34
-42
-52
-70
-65
-51
-39
-25
-18
-9
-5
-11
-12
-11
-14
-17
-20
-19
-25
-33
-41
-42
-36
-28
-20
-13
-4
-1
-5
-6
-7
-10
-11
-12
-14
-18
-20
-23
-21
-21
-19
-11
-6
-2
2
1
-1
-3
-6
-6
-6
-8
-8
-10
-10
-12
-11
-9
-5
-1
1
1
4
3
1
-1
-2
-2
-2
-1
-2
-3
-4
-5
-3
0
2
2
1
6
5
4
4
4
4
4
5
4
3
3
3
4
4
5
4
2
4
4
4
7
9
10
9
11
8
6
8
9
10
9
6
4
0
2
1
2
6
9
11
13
11
9
5
5
8
10
10
6
1
-2