-9
-20
-32
-46
-56
-64
-66
-68
-83
-100
-71
30
99
64
14
4
0
0
-8
-16
-29
-30
-41
-6
-15
-24
-34
-39
-38
-28
-19
-25
-33
0
0
4
28
73
86
31
-1
-47
-68
-79
-77
-69
-3
-9
-15
-20
-18
-14
1
18
36
50
0
0
-43
-28
62
80
20
-45
-93
-105
-99
-98
-92
-3
-8
-8
-7
1
12
22
26
63
111
105
15
-70
-30
15
15
-39
-60
-67
-91
-101
-98
-94
-5
-8
-6
2
16
34
39
31
27
62
103
76
10
-4
-36
-54
-56
-36
-40
-85
-105
-91
-74
-5
-8
-4
5
23
50
64
65
31
10
24
48
32
-9
-65
-70
-40
-46
-111
-139
-123
-82
-57
-2
-3
-3
9
33
61
91
107
92
41
3
-5
-2
-22
-61
-66
-55
-119
-195
-193
-128
-71
-52
3
6
6
14
37
69
101
128
119
72
3
-24
-27
-32
-45
-57
-78
-142
-200
-169
-75
-17
-37
7
15
21
27
40
63
89
112
106
68
17
-25
-24
-29
-54
-95
-113
-76
-7
44
-29
8
19
29
39
38
45
60
70
74
59
29
1
-9
-5
-3
-8
-9
-19
-18
0
0
-24
-66
6
17
27
32
30
26
30
37
44
43
32
18
17
22
29
34
46
56
88
65
0
-61
18
4
8
17
20
11
1
1
5
13
21
27
31
38
51
62
78
89
122
148
107
23
-38
20
0
3
9
11
2
-9
-16
-23
-20
-13
4
26
46
68
90
111
127
141
148
128
91
67
46
-1
0
4
6
3
-13
-30
-44
-55
-51
-35
1
41
74
110
137
159
154
150
127
132
115
77
-1
0
4
5
-2
-16
-38
-63
-79
-82
-71
-39
20
74
120
156
180
175
160
143
127
113
80
1
1
2
2
-5
-23
-48
-76
-86
-93
-100
-71
-9
56
120
168
198
193
172
139
121
99
68
2
3
1
-1
-9
-25
-54
-74
-83
-96
-101
-92
-36
41
119
186
211
203
175
147
112
83
54
3
3
2
-2
-8
-24
-46
-63
-70
-68
-68
-63
-44
1
96
167
199
183
153
130
96
64
36
2
4
5
3
-1
-11
-30
-46
-49
-36
-16
-6
-41
-2
34
111
136
125
106
88
59
34
11
2
4
7
9
7
3
-5
-23
-30
-13
16
2
-18
0
0
1
42
53
57
40
21
0
-13
0
3
9
13
16
17
22
15
5
9
15
9
16
0
0
-28
-22
-6
6
-11
-26
-31
-39
-11
-25
-48
-71
-87
-98
-119
-118
-51
53
81
31
16
4
11
25
22
6
-8
-21
-36
-47
-53
-53
-60
-66
0
30
56
52
31
1
-3
-35
-62
-62
-5
-12
-21
-24
-19
1
18
22
0
0
-19
62
72
-3
-67
-100
-106
-103
-4
-8
-7
0
17
30
53
103
87
-21
-59
1
2
-52
-83
-114
-119
-114
-6
-6
2
18
44
51
43
57
90
50
-6
-41
-64
-70
-88
-118
-119
-96
-4
-2
6
32
62
87
74
44
28
30
-2
-63
-75
-75
-154
-193
-126
-85
2
7
11
37
79
122
125
80
6
-14
-28
-58
-70
-110
-190
-179
-85
-38
8
19
26
40
69
98
114
77
14
-13
-19
-29
-46
-77
-113
-59
-11
27
10
23
33
37
51
60
72
55
25
5
2
8
5
13
5
0
0
-42
7
16
25
22
18
20
26
31
28
22
36
47
65
89
126
86
-15
-13
1
8
12
5
-7
-14
-15
-4
10
33
57
84
115
140
167
136
81
44
-1
3
5
0
-18
-37
-54
-53
-35
15
60
106
154
179
172
156
143
107
0
1
3
-4
-26
-53
-81
-96
-83
-26
51
125
166
200
185
165
135
106
1
1
0
-9
-31
-66
-90
-107
-114
-70
5
115
192
218
207
160
125
86
2
2
-1
-9
-31
-58
-77
-88
-93
-99
-41
88
191
219
179
147
100
59
1
3
3
-3
-15
-38
-52
-45
-36
-52
-41
37
109
136
127
91
56
24
1
4
7
7
1
-8
-18
-7
13
-14
0
0
-17
14
36
26
3
-12
-11
-24
-45
-72
-87
-104
-124
-109
-42
40
82
48
32
12
24
29
19
2
-8
-19
-33
-45
-52
-59
-61
-45
-6
23
51
60
44
4
-5
-29
-60
-66
-5
-12
-19
-21
-15
1
15
28
12
-1
-5
57
60
-9
-59
-100
-109
-111
-3
-7
-5
2
20
37
60
97
73
-5
-45
-5
-7
-56
-106
-126
-128
-126
-5
-3
5
22
47
59
63
78
90
40
-13
-42
-68
-92
-120
-133
-130
-118
-3
0
10
34
67
90
87
60
44
30
-7
-63
-84
-105
-171
-191
-131
-91
3
8
16
42
82
123
122
79
24
-1
-23
-63
-80
-121
-183
-161
-90
-44
9
20
27
44
71
96
111
77
22
-6
-16
-29
-50
-75
-97
-60
-34
17
11
22
31
36
53
62
70
53
24
9
5
10
10
6
8
9
6
-30
7
16
23
23
20
23
25
29
24
23
37
49
69
97
122
76
1
8
1
8
11
5
-6
-12
-14
-5
4
28
54
86
120
154
178
138
91
59
-1
2
4
-3
-20
-36
-53
-52
-41
11
54
104
157
184
182
166
150
106
-1
0
1
-7
-29
-53
-79
-96
-84
-32
50
117
169
206
198
176
146
112
1
0
-1
-11
-33
-65
-91
-113
-114
-83
0
114
198
228
222
171
131
89
1
1
-2
-11
-33
-56
-81
-94
-108
-126
-54
84
199
213
189
147
103
62
1
2
2
-5
-17
-41
-54
-51
-59
-82
-57
54
119
138
120
93
58
28
0
2
5
5
-1
-11
-16
-5
5
-2
0
0
-21
8
25
22
3
-8
-10
-25
-43
-67
-85
-104
-116
-101
-32
38
77
57
45
24
31
33
17
0
-7
-18
-31
-42
-51
-59
-57
-32
-4
21
51
60
43
7
-6
-21
-53
-69
-4
-11
-17
-15
-12
2
14
27
19
4
9
42
47
-18
-56
-91
-109
-113
-3
-6
-3
6
23
43
64
89
65
4
-29
-8
-15
-58
-105
-133
-133
-133
-3
-1
7
26
48
65
77
87
88
39
-16
-45
-71
-104
-131
-146
-140
-128
-2
2
13
40
68
97
98
77
53
32
-9
-60
-92
-126
-167
-191
-135
-97
4
8
20
45
79
108
116
83
40
8
-22
-58
-84
-128
-170
-149
-91
-48
9
20
29
47
72
94
102
77
33
1
-14
-29
-49
-74
-88
-65
-40
5
11
21
28
34
50
62
66
51
24
12
7
12
10
9
9
9
8
-16
6
15
21
22
20
25
25
27
19
25
39
50
70
98
109
75
14
20
1
7
10
4
-4
-11
-12
-8
-1
24
53
88
123
158
176
141
91
65
-1
1
3
-6
-20
-35
-52
-52
-42
6
50
102
157
183
193
172
148
108
-1
0
-1
-10
-31
-53
-76
-93
-86
-33
46
112
172
207
211
180
148
115
0
-1
-3
-14
-35
-64
-89
-112
-117
-92
-2
111
197
227
225
182
136
93
0
0
-3
-12
-33
-55
-77
-100
-118
-139
-60
86
201
224
191
147
105
65
0
1
0
-6
-17
-40
-54
-54
-72
-96
-67
65
130
138
122
92
62
32
0
2
4
2
-3
-14
-18
-7
1
4
0
0
-25
-1
22
17
5
-5
-10
-25
-40
-59
-83
-103
-104
-88
-30
28
63
67
52
34
35
30
16
-2
-6
-17
-28
-40
-49
-58
-50
-25
-2
24
47
59
41
8
-4
-20
-50
-71
-3
-8
-14
-8
-10
3
14
27
24
12
19
38
23
-28
-59
-81
-103
-114
-3
-4
0
11
26
49
67
77
57
18
-16
-12
-20
-69
-109
-128
-137
-137
-3
1
10
29
50
72
83
97
82
33
-19
-46
-73
-108
-142
-156
-144
-138
-1
3
17
44
66
93
99
80
63
29
-13
-57
-89
-125
-168
-179
-133
-104
4
9
23
47
74
102
109
86
47
12
-19
-52
-83
-125
-151
-149
-104
-59
9
19
29
49
72
93
93
76
44
12
-12
-27
-46
-71
-80
-68
-42
-5
11
19
26
32
47
62
60
48
31
17
10
15
10
10
11
9
9
-1
7
15
19
20
20
28
26
25
15
24
38
49
72
96
103
78
32
33
2
5
8
3
-3
-10
-11
-10
-3
19
50
87
126
159
172
143
99
71
-1
0
2
-9
-20
-34
-50
-51
-40
1
45
101
155
180
194
173
142
109
-2
-2
-3
-14
-32
-52
-72
-88
-76
-33
40
109
174
203
208
179
144
116
0
-2
-5
-16
-35
-61
-85
-104
-120
-94
-6
108
194
226
219
181
140
95
0
-1
-4
-13
-30
-51
-72
-100
-128
-144
-60
98
198
214
191
143
105
68
0
-1
-1
-8
-18
-39
-53
-59
-83
-108
-59
70
135
134
121
86
66
36
0
1
2
0
-6
-15
-20
-11
-3
3
0
0
-27
-6
20
14
6
-1