-21500
-21500
-21500
-21500
-21500
-21500
-21500
-21500
-21500
-21500
-21500
-21500
-21500
-21500
-21500
-21500
-21500
-21500
-21500
-21500
-21500
-21500
-21500
-19100
-19100
-19100
-19100
-19100
-19100
-19100
-19100
-19100
-19100
-19100
-19100
-19100
-19100
-19100
-19100
-19100
-19100
-19100
-19100
-19100
-19100
-19100
-16700
-16700
-16700
-16700
-16700
-16700
-16700
-16700
-16700
-16700
-16700
-16700
-16700
-16700
-16700
-16700
-16700
-16700
-16700
-16700
-16700
-16700
-16700
-14300
-14300
-14300
-14300
-14300
-14300
-14300
-14300
-14300
-14300
-14300
-14300
-14300
-14300
-14300
-14300
-14300
-14300
-14300
-14300
-14300
-14300
-14300
-11900
-11900
-11900
-11900
-11900
-11900
-11900
-11900
-11900
-11900
-11900
-11900
-11900
-11900
-11900
-11900
-11900
-11900
-11900
-11900
-11900
-11900
-11900
-9520
-9520
-9520
-9520
-9520
-9520
-9520
-9520
-9520
-9520
-9520
-9520
-9520
-9520
-9520
-9520
-9520
-9520
-9520
-9520
-9520
-9520
-9520
-7120
-7120
-7120
-7120
-7120
-7120
-7120
-7120
-7120
-7120
-7120
-7120
-7120
-7120
-7120
-7120
-7120
-7120
-7120
-7120
-7120
-7120
-7120
-4710
-4710
-4710
-4710
-4710
-4710
-4710
-4710
-4710
-4710
-4710
-4710
-4710
-4710
-4710
-4710
-4710
-4710
-4710
-4710
-4710
-4710
-4710
-2310
-2310
-2310
-2310
-2310
-2310
-2310
-2310
-2310
-2310
-2310
-2310
-2310
-2310
-2310
-2310
-2310
-2310
-2310
-2310
-2310
95
95
95
95
95
95
95
95
95
95
95
95
95
95
95
95
95
95
95
95
95
95
95
2500
2500
2500
2500
2500
2500
2500
2500
2500
2500
2500
2500
2500
2500
2500
2500
2500
2500
2500
2500
2500
2500
2500
4900
4900
4900
4900
4900
4900
4900
4900
4900
4900
4900
4900
4900
4900
4900
4900
4900
4900
4900
4900
4900
4900
4900
7300
7300
7300
7300
7300
7300
7300
7300
7300
7300
7300
7300
7300
7300
7300
7300
7300
7300
7300
7300
7300
7300
7300
9710
9710
9710
9710
9710
9710
9710
9710
9710
9710
9710
9710
9710
9710
9710
9710
9710
9710
9710
9710
9710
9710
9710
12100
12100
12100
12100
12100
12100
12100
12100
12100
12100
12100
12100
12100
12100
12100
12100
12100
12100
12100
12100
12100
12100
12100
14500
14500
14500
14500
14500
14500
14500
14500
14500
14500
14500
14500
14500
14500
14500
14500
14500
14500
14500
14500
14500
14500
14500
16900
16900
16900
16900
16900
16900
16900
16900
16900
16900
16900
16900
16900
16900
16900
16900
16900
16900
16900
16900
16900
16900
16900
19300
19300
19300
19300
19300
19300
19300
19300
19300
19300
19300
19300
19300
19300
19300
19300
19300
19300
19300
19300
19300
19300
19300
21700
21700
21700
21700
21700
21700
21700
21700
21700
21700
21700
21700
21700
21700
21700
21700
21700
21700
21700
21700
21700
21700
21700
24100
24100
24100
24100
24100
24100
24100
24100
24100
24100
24100
24100
24100
24100
24100
24100
24100
24100
24100
24100
24100
24100
24100
26500
26500
26500
26500
26500
26500
26500
26500
26500
26500
26500
26500
26500
26500
26500
26500
26500
26500
26500
26500
26500
26500
26500
-23400
-23400
-23400
-23400
-23400
-23400
-23400
-23400
-23400
-23400
-23400
-23400
-23400
-23400
-23400
-23400
-23400
-23400
-20400
-20400
-20400
-20400
-20400
-20400
-20400
-20400
-20400
-20400
-20400
-20400
-20400
-20400
-20400
-20400
-20400
-20400
-17400
-17400
-17400
-17400
-17400
-17400
-17400
-17400
-17400
-17400
-17400
-17400
-17400
-17400
-17400
-17400
-17400
-17400
-14400
-14400
-14400
-14400
-14400
-14400
-14400
-14400
-14400
-14400
-14400
-14400
-14400
-14400
-14400
-14400
-14400
-14400
-11400
-11400
-11400
-11400
-11400
-11400
-11400
-11400
-11400
-11400
-11400
-11400
-11400
-11400
-11400
-11400
-11400
-11400
-8340
-8340
-8340
-8340
-8340
-8340
-8340
-8340
-8340
-8340
-8340
-8340
-8340
-8340
-8340
-8340
-8340
-8340
-5330
-5330
-5330
-5330
-5330
-5330
-5330
-5330
-5330
-5330
-5330
-5330
-5330
-5330
-5330
-5330
-5330
-5330
-2310
-2310
-2310
-2310
-2310
-2310
-2310
-2310
-2310
-2310
-2310
-2310
-2310
-2310
-2310
-2310
-2310
-2310
708
708
708
708
708
708
708
708
708
708
708
708
708
708
708
708
708
708
3730
3730
3730
3730
3730
3730
3730
3730
3730
3730
3730
3730
3730
3730
3730
3730
3730
3730
6740
6740
6740
6740
6740
6740
6740
6740
6740
6740
6740
6740
6740
6740
6740
6740
6740
6740
9760
9760
9760
9760
9760
9760
9760
9760
9760
9760
9760
9760
9760
9760
9760
9760
9760
9760
12800
12800
12800
12800
12800
12800
12800
12800
12800
12800
12800
12800
12800
12800
12800
12800
12800
12800
15800
15800
15800
15800
15800
15800
15800
15800
15800
15800
15800
15800
15800
15800
15800
15800
15800
15800
18800
18800
18800
18800
18800
18800
18800
18800
18800
18800
18800
18800
18800
18800
18800
18800
18800
18800
21800
21800
21800
21800
21800
21800
21800
21800
21800
21800
21800
21800
21800
21800
21800
21800
21800
21800
24800
24800
24800
24800
24800
24800
24800
24800
24800
24800
24800
24800
24800
24800
24800
24800
24800
24800
-23400
-23400
-23400
-23400
-23400
-23400
-23400
-23400
-23400
-23400
-23400
-23400
-23400
-23400
-23400
-23400
-23400
-23400
-20400
-20400
-20400
-20400
-20400
-20400
-20400
-20400
-20400
-20400
-20400
-20400
-20400
-20400
-20400
-20400
-20400
-20400
-17400
-17400
-17400
-17400
-17400
-17400
-17400
-17400
-17400
-17400
-17400
-17400
-17400
-17400
-17400
-17400
-17400
-17400
-14400
-14400
-14400
-14400
-14400
-14400
-14400
-14400
-14400
-14400
-14400
-14400
-14400
-14400
-14400
-14400
-14400
-14400
-11400
-11400
-11400
-11400
-11400
-11400
-11400
-11400
-11400
-11400
-11400
-11400
-11400
-11400
-11400
-11400
-11400
-11400
-8340
-8340
-8340
-8340
-8340
-8340
-8340
-8340
-8340
-8340
-8340
-8340
-8340
-8340
-8340
-8340
-8340
-8340
-5330
-5330
-5330
-5330
-5330
-5330
-5330
-5330
-5330
-5330
-5330
-5330
-5330
-5330
-5330
-5330
-5330
-5330
-2310
-2310
-2310
-2310
-2310
-2310
-2310
-2310
-2310
-2310
-2310
-2310
-2310
-2310
-2310
-2310
-2310
-2310
708
708
708
708
708
708
708
708
708
708
708
708
708
708
708
708
708
708
3730
3730
3730
3730
3730
3730
3730
3730
3730
3730
3730
3730
3730
3730
3730
3730
3730
3730
6740
6740
6740
6740
6740
6740
6740
6740
6740
6740
6740
6740
6740
6740
6740
6740
6740
6740
9760
9760
9760
9760
9760
9760
9760
9760
9760
9760
9760
9760
9760
9760
9760
9760
9760
9760
12800
12800
12800
12800
12800
12800
12800
12800
12800
12800
12800
12800
12800
12800
12800
12800
12800
12800
15800
15800
15800
15800
15800
15800
15800
15800
15800
15800
15800
15800
15800
15800
15800
15800
15800
15800
18800
18800
18800
18800
18800
18800
18800
18800
18800
18800
18800
18800
18800
18800
18800
18800
18800
18800
21800
21800
21800
21800
21800
21800
21800
21800
21800
21800
21800
21800
21800
21800
21800
21800
21800
21800
24800
24800
24800
24800
24800
24800
24800
24800
24800
24800
24800
24800
24800
24800
24800
24800
24800
24800
-23400
-23400
-23400
-23400
-23400
-23400
-23400
-23400
-23400
-23400
-23400
-23400
-23400
-23400
-23400
-23400
-23400
-23400
-20400
-20400
-20400
-20400
-20400
-20400
-20400
-20400
-20400
-20400
-20400
-20400
-20400
-20400
-20400
-20400
-20400
-20400
-17400
-17400
-17400
-17400
-17400
-17400
-17400
-17400
-17400
-17400
-17400
-17400
-17400
-17400
-17400
-17400
-17400
-17400
-14400
-14400
-14400
-14400
-14400
-14400
-14400
-14400
-14400
-14400
-14400
-14400
-14400
-14400
-14400
-14400
-14400
-14400
-11400
-11400
-11400
-11400
-11400
-11400
-11400
-11400
-11400
-11400
-11400
-11400
-11400
-11400
-11400
-11400
-11400
-11400
-8340
-8340
-8340
-8340
-8340
-8340
-8340
-8340
-8340
-8340
-8340
-8340
-8340
-8340
-8340
-8340
-8340
-8340
-5330
-5330
-5330
-5330
-5330
-5330
-5330
-5330
-5330
-5330
-5330
-5330
-5330
-5330
-5330
-5330
-5330
-5330
-2310
-2310
-2310
-2310
-2310
-2310
-2310
-2310
-2310
-2310
-2310
-2310
-2310
-2310
-2310
-2310
-2310
-2310
708
708
708
708
708
708
708
708
708
708
708
708
708
708
708
708
708
708
3730
3730
3730
3730
3730
3730
3730
3730
3730
3730
3730
3730
3730
3730
3730
3730
3730
3730
6740
6740
6740
6740
6740
6740
6740
6740
6740
6740
6740
6740
6740
6740
6740
6740
6740
6740
9760
9760
9760
9760
9760
9760
9760
9760
9760
9760
9760
9760
9760
9760
9760
9760
9760
9760
12800
12800
12800
12800
12800
12800
12800
12800
12800
12800
12800
12800
12800
12800
12800
12800
12800
12800
15800
15800
15800
15800
15800
15800
15800
15800
15800
15800
15800
15800
15800
15800
15800
15800
15800
15800
18800
18800
18800
18800
18800
18800
18800
18800
18800
18800
18800
18800
18800
18800
18800
18800
18800
18800
21800
21800
21800
21800
21800
21800
21800
21800
21800
21800
21800
21800
21800
21800
21800
21800
21800
21800
24800
24800
24800
24800
24800
24800
24800
24800
24800
24800
24800
24800
24800
24800
24800
24800
24800
24800
-23400
-23400
-23400
-23400
-23400
-23400
-23400
-23400
-23400
-23400
-23400
-23400
-23400
-23400
-23400
-23400
-23400
-23400
-20400
-20400
-20400
-20400
-20400
-20400
-20400
-20400
-20400
-20400
-20400
-20400
-20400
-20400
-20400
-20400
-20400
-20400
-17400
-17400
-17400
-17400
-17400
-17400
-17400
-17400
-17400
-17400
-17400
-17400
-17400
-17400
-17400
-17400
-17400
-17400
-14400
-14400
-14400
-14400
-14400
-14400
-14400
-14400
-14400
-14400
-14400
-14400
-14400
-14400
-14400
-14400
-14400
-14400
-11400
-11400
-11400
-11400
-11400
-11400
-11400
-11400
-11400
-11400
-11400
-11400
-11400
-11400
-11400
-11400
-11400
-11400
-8340
-8340
-8340
-8340
-8340
-8340
-8340
-8340
-8340
-8340
-8340
-8340
-8340
-8340
-8340
-8340
-8340
-8340
-5330
-5330
-5330
-5330
-5330
-5330
-5330
-5330
-5330
-5330
-5330
-5330
-5330
-5330
-5330
-5330
-5330
-5330
-2310
-2310
-2310
-2310
-2310
-2310
-2310
-2310
-2310
-2310
-2310
-2310
-2310
-2310
-2310
-2310
-2310
-2310
708
708
708
708
708
708
708
708
708
708
708
708
708
708
708
708
708
708
3730
3730
3730
3730
3730
3730
3730
3730
3730
3730
3730
3730
3730
3730
3730
3730
3730
3730
6740
6740
6740
6740
6740
6740
6740
6740
6740
6740
6740
6740
6740
6740
6740
6740
6740
6740
9760
9760
9760
9760
9760
9760
9760
9760
9760
9760
9760
9760
9760
9760
9760
9760
9760
9760
12800
12800
12800
12800
12800
12800
12800
12800
12800
12800
12800
12800
12800
12800
12800
12800
12800
12800
15800
15800
15800
15800
15800
15800
15800
15800
15800
15800
15800
15800
15800
15800
15800
15800
15800
15800
18800
18800
18800
18800
18800
18800
18800
18800
18800
18800
18800
18800
18800
18800
18800
18800
18800
18800
21800
21800
21800
21800
21800
21800
21800
21800
21800
21800
21800
21800
21800
21800
21800
21800
21800
21800
24800
24800
24800
24800
24800
24800
24800
24800
24800
24800
24800
24800
24800
24800
24800
24800
24800
24800