473
706
790
873
859
870
795
662
514
348
136
81
213
426
463
266
0
0
109
369
495
510
496
514
710
806
859
858
820
754
667
554
317
0
0
171
414
422
259
47
1
128
392
514
523
484
499
710
805
871
851
802
706
635
519
286
0
0
195
306
335
316
204
152
227
410
497
507
462
450
717
827
858
841
784
680
575
432
278
145
122
257
181
201
363
275
177
240
407
492
500
446
522
719
807
845
817
766
671
522
336
185
185
269
303
177
229
406
305
109
169
362
474
480
420
528
703
794
816
774
719
635
521
292
84
91
295
400
328
381
444
298
152
235
359
427
429
397
474
701
773
785
757
704
647
549
352
164
148
346
445
420
474
488
381
331
346
343
337
372
380
481
712
771
723
652
637
594
556
438
321
289
413
454
460
466
494
484
474
407
246
198
289
344
492
707
773
718
650
619
600
579
515
411
400
513
511
534
549
536
372
115
24
182
336
482
683
737
753
658
599
577
575
543
498
496
502
519
531
538
507
548
537
372
0
0
178
350
488
695
760
755
680
638
609
565
543
537
543
537
548
518
541
548
552
530
363
73
0
219
268
490
671
740
770
677
615
567
505
523
524
552
540
538
506
531
540
526
504
384
226
201
252
132
460
672
744
754
707
626
561
530
538
541
549
545
528
512
532
537
524
460
399
335
306
283
173
488
659
721
775
699
642
563
525
530
512
514
472
483
479
504
518
527
458
407
361
384
358
275
483
657
730
762
731
658
570
547
542
457
448
435
415
416
451
491
516
467
425
408
396
374
386
475
648
698
775
743
688
622
587
501
422
405
372
325
345
384
447
495
474
441
405
414
423
446
433
649
725
759
769
722
672
604
510
475
373
274
193
267
294
395
490
507
478
464
462
477
501
473
646
721
782
772
765
683
602
532
455
344
211
103
108
159
283
477
529
486
506
529
533
552
479
653
736
774
786
773
698
601
479
438
384
203
124
1
25
243
461
531
495
539
560
572
578
478
665
738
801
796
795
733
578
478
363
338
296
114
0
0
214
467
522
507
551
578
590
593
472
665
748
802
800
796
731
592
412
347
348
312
67
0
0
200
439
506
514
552
595
594
601
539
767
882
914
884
790
693
507
329
297
451
551
231
65
67
295
501
563
542
771
873
903
882
828
653
357
0
68
429
525
231
88
64
386
577
588
550
772
879
905
854
772
614
348
0
0
358
448
326
194
181
406
570
579
528
811
888
898
838
734
567
336
185
181
354
370
409
302
285
482
589
573
610
812
864
857
814
711
474
258
258
406
356
404
512
308
289
426
544
539
552
802
848
834
764
675
435
237
232
409
506
538
551
329
365
454
478
515
513
799
794
750
752
690
546
391
332
508
552
578
587
516
472
323
304
397
553
779
787
711
672
668
615
526
499
557
567
595
615
616
481
122
68
277
542
766
790
762
695
653
632
563
550
566
607
598
596
640
464
0
0
319
538
767
806
729
701
637
592
584
595
581
561
583
616
617
450
195
148
338
497
749
786
762
651
607
565
590
588
587
554
571
582
553
496
397
357
292
506
729
797
757
706
602
613
592
576
521
524
532
576
557
490
459
468
395
492
699
791
776
704
640
626
530
512
454
423
467
513
549
502
480
470
472
520
703
775
788
729
701
625
557
477
350
317
371
465
540
559
519
514
527
519
708
789
813
789
725
655
593
447
272
159
194
372
561
571
578
568
577
516
713
803
837
826
734
649
580
474
298
34
33
293
556
639
608
625
606
505
730
812
845
839
748
625
507
458
302
0
0
288
532
625
603
644
632
566
783
892
941
909
860
752
584
418
423
528
643
339
198
202
342
556
625
550
780
887
916
906
880
725
427
199
232
478
620
364
223
185
405
602
661
594
790
893
943
887
839
676
385
207
220
411
540
390
277
253
479
619
665
550
820
900
935
871
816
652
427
304
287
439
526
521
397
406
542
633
649
576
823
884
890
859
795
594
403
388
484
505
547
567
459
426
510
600
638
597
822
871
883
826
775
577
369
395
525
580
633
630
459
467
521
545
577
530
814
830
821
797
792
647
506
457
584
628
680
675
589
526
394
395
455
567
792
823
769
738
740
690
613
598
623
629
659
673
655
498
247
208
288
552
773
813
804
748
712
684
614
595
615
648
659
663
672
491
190
198
359
523
776
820
790
759
695
648
636
628
628
612
633
664
654
489
305
269
394
517
759
803
786
702
670
629
639
623
614
591
607
622
612
564
474
457
417
512
736
809
797
743
669
664
641
631
566
566
559
599
582
548
523
560
497
507
695
804
813
746
699
673
590
590
513
476
510
536
579
567
543
538
545
516
714
791
806
765
746
695
640
520
427
375
403
498
589
629
585
566
566
512
723
801
841
810
781
745
695
547
356
210
213
399
578
638
625
615
606
489
727
814
860
842
818
761
691
588
393
67
53
317
580
670
655
666
635
480
735
818
866
852
804
732
656
571
373
0
0
337
569
711
663
686
660
543
793
901
945
919
884
787
645
525
531
614
716
471
357
354
420
600
667
508
790
899
929
926
903
771
504
389
407
529
706
479
346
323
455
643
703
548
788
906
946
918
884
732
464
366
428
504
637
548
378
338
531
667
715
549
810
910
946
910
871
735
521
430
448
550
657
645
479
469
603
672
699
552
812
901
921
908
856
695
532
533
590
615
651
660
556
509
584
658
700
607
810
887
905
874
872
698
506
512
609
654
703
693
577
539
582
616
647
545
805
863
858
823
860
722
609
599
640
690
729
716
652
579
469
481
523
547
790
857
822
802
802
751
691
674
674
687
717
708
682
540
382
325
368
555
755
835
834
797
769
702
658
640
647
660
713
705
699
532
382
378
428
499
756
829
820
797
749
701
679
657
659
656
678
675
683
539
428
422
472
536
745
817
805
757
727
689
678
655
638
626
640
649
648
608
558
539
516
519
725
818
819
780
730
704
664
653
604
582
584
621
599
604
577
598
563
529
711
815
829
785
752
693
634
629
545
514
530
561
597
629
596
576
598
502
715
806
820
801
787
737
674
567
480
421
434
534
612
664
645
613
602
506
725
813
848
822
812
766
755
613
431
251
255
423
604
670
661
652
635
488
729
821
865
848
827
790
748
653
434
85
76
354
589
721
697
690
662
464
725
824
871
862
854
817
750
629
424
0
0
358
583
737
723
714
686
546
792
902
928
917
901
814
732
646
653
698
782
604
508
498
548
654
717
533
801
903
928
945
928
831
652
582
585
644
793
608
520
490
566
676
732
512
782
915
928
941
909
821
608
583
581
657
802
705
503
474
602
690
756
543
795
919
935
941
905
799
691
608
634
685
745
692
614
571
643
705
750
510
798
920
937
946
917
762
660
656
684
717
756
728
625
594
650
704
757
591
796
900
911
918
924
731
580
638
700
742
772
718
627
616
624
659
710
578
795
878
885
825
889
781
710
698
711
739
768
731
708
618
595
619
651
561
777
857
857
853
831
774
756
744
735
732
745
743
713
600
524
505
552
543
735
847
836
836
814
711
690
705
677
672
723
738
722
605
512
518
581
508
731
839
830
816
790
753
706
676
671
680
695
688
705
615
547
570
609
538
730
828
818
795
763
738
710
661
650
650
658
665
663
657
639
639
616
525
710
824
825
810
776
738
688
653
627
587
612
636
615
646
640
630
632
521
710
820
827
825
794
714
666
645
577
544
548
590
606
643
653
595
638
489
706
812
824
819
796
763
694
616
530
461
468
557
629
665
666
655
633
510
711
823
837
824
810
789
794
664
476
281
307
439
621
705
679
681
661
512
716
828
853
844
826
813
786
692
436
85
88
364
591
745
730
704
684
439
706
829
861
871
858
853
824
689
424
0
0
351
593
766
758
734
704