-5
-3
1
9
13
15
12
6
4
1
18
25
1
-18
-2
19
0
0
6
36
45
40
36
-1
2
6
13
19
22
19
8
2
2
0
0
-1
-3
-2
-17
-29
-2
-5
14
22
31
30
4
9
13
19
25
30
28
21
11
2
0
0
5
41
37
-3
-19
-16
-1
1
5
11
16
9
16
21
26
31
34
32
28
30
18
-21
-26
-9
12
20
-10
-7
19
18
7
3
5
9
16
25
31
37
42
44
42
36
37
39
13
-27
-39
-50
-35
-29
-19
10
20
11
10
9
3
21
30
36
45
55
57
52
35
23
15
8
-28
-52
-58
-51
-34
-34
-43
-17
6
19
20
4
17
28
36
46
58
60
42
16
-8
-38
-41
-48
-48
-43
-40
-33
-26
-38
-20
4
21
30
20
10
16
22
35
43
35
8
-21
-43
-61
-62
-63
-55
-51
-43
-35
-24
-15
1
17
33
39
31
0
-2
0
2
0
-11
-33
-53
-66
-73
-76
-72
-61
-53
-29
-9
13
16
23
24
43
-8
-13
-19
-28
-35
-42
-49
-52
-60
-72
-79
-81
-72
-61
-52
-44
-34
-19
-5
0
0
27
56
-11
-17
-24
-32
-42
-37
-29
-23
-26
-38
-52
-61
-62
-60
-60
-53
-43
-30
-23
-17
0
12
53
-11
-15
-18
-25
-26
-17
-2
15
14
5
-16
-29
-44
-52
-55
-53
-40
-21
-18
-26
-27
-11
-2
-11
-16
-19
-23
-23
-17
-1
16
24
31
15
0
-18
-29
-34
-31
-18
-2
-2
-11
-19
-28
-45
-12
-18
-20
-24
-30
-30
-27
-10
20
34
41
30
13
0
-10
-9
-3
4
-2
-6
-16
-36
-50
-9
-15
-18
-22
-30
-38
-41
-25
6
29
44
46
35
20
10
7
6
6
-5
-10
-21
-41
-59
-4
-8
-10
-15
-20
-31
-32
-21
-4
17
41
54
49
38
22
17
13
10
-2
-15
-34
-53
-59
1
-1
-3
-7
-11
-16
-17
-9
6
21
40
57
55
43
26
21
27
26
12
-11
-37
-55
-55
6
5
1
-5
-8
-13
-11
-3
11
28
33
31
36
28
19
21
42
45
27
-8
-31
-45
-43
6
5
1
-7
-14
-20
-27
-19
0
22
15
-32
-20
1
6
22
49
50
28
-3
-26
-31
-28
2
0
-6
-14
-23
-32
-42
-39
-20
13
3
-35
-16
0
0
27
51
45
15
-12
-24
-24
-16
-3
-6
-12
-20
-29
-40
-51
-56
-52
-42
-42
-33
-6
0
0
33
50
37
6
-17
-24
-17
-5
-3
-3
4
11
15
17
24
47
67
45
10
40
41
3
5
12
17
12
-2
1
8
16
18
16
12
19
0
37
13
11
5
-14
-4
11
26
33
3
8
14
23
28
27
18
10
0
0
21
29
-20
-55
-27
-2
12
24
11
18
24
32
35
36
38
15
-47
-45
-6
11
-18
-5
17
16
12
16
19
26
34
42
44
42
43
47
6
-56
-73
-66
-46
-25
8
18
20
16
21
29
38
54
53
31
2
-19
-33
-54
-73
-67
-56
-57
-37
12
44
37
11
19
29
45
30
0
-43
-74
-77
-75
-61
-52
-49
-39
-16
34
72
69
-1
-1
1
0
-15
-40
-60
-82
-86
-82
-66
-55
-43
-25
4
27
58
59
-9
-15
-22
-29
-39
-41
-46
-63
-72
-76
-63
-53
-47
-32
-13
0
0
46
-11
-17
-22
-35
-26
-6
-9
-18
-34
-48
-56
-56
-50
-37
-29
-52
-58
-5
-10
-16
-20
-20
-10
6
21
21
5
-12
-30
-36
-32
-18
-15
-38
-45
-48
-10
-15
-19
-27
-23
-13
10
29
37
24
8
-7
-8
-4
-3
-23
-41
-63
-6
-13
-16
-26
-34
-29
-4
29
49
50
34
18
14
7
-7
-13
-34
-56
-2
-5
-10
-13
-23
-17
1
25
49
66
55
35
25
20
6
-12
-41
-56
0
0
-5
-10
-13
-8
9
32
36
46
43
29
25
37
25
-7
-34
-44
0
0
-6
-14
-21
-22
-1
18
4
-35
2
10
19
45
32
-2
-23
-25
0
-4
-10
-23
-31
-41
-31
-9
-16
-24
0
0
36
46
24
-6
-20
-15
-2
-1
5
12
16
23
38
69
101
87
41
58
48
16
15
4
5
0
-1
2
8
15
18
20
23
38
52
62
37
30
3
-25
-13
-3
17
26
3
8
14
22
27
29
24
11
-16
-7
18
24
-26
-65
-41
-5
13
28
10
17
22
31
34
38
39
11
-66
-74
-26
-7
-26
-18
11
16
17
23
16
24
31
37
40
37
43
37
-16
-68
-79
-71
-56
-29
7
22
27
27
20
26
32
44
43
22
-4
-26
-49
-70
-83
-84
-69
-60
-29
21
56
61
9
17
23
34
19
-9
-50
-87
-91
-84
-73
-67
-60
-49
-19
55
104
106
-1
-1
1
-2
-16
-37
-61
-86
-95
-85
-69
-58
-47
-32
0
44
91
82
-8
-13
-18
-23
-33
-37
-47
-64
-68
-75
-60
-53
-46
-33
-17
-7
-11
24
-9
-15
-19
-29
-21
-9
-12
-19
-33
-46
-53
-50
-49
-38
-39
-79
-92
-39
-9
-14
-17
-18
-9
2
14
14
5
-10
-25
-31
-29
-25
-31
-66
-83
-77
-6
-12
-16
-23
-18
-11
10
28
31
25
11
-3
-9
-4
-11
-34
-64
-80
-4
-9
-14
-21
-29
-21
-2
29
47
51
38
25
15
7
-9
-22
-44
-63
-3
-6
-10
-13
-19
-12
8
31
53
63
58
42
28
18
4
-13
-37
-51
-5
-5
-7
-11
-13
-8
10
32
32
40
44
35
26
31
17
-3
-32
-38
-3
-5
-8
-14
-21
-16
3
15
2
-27
1
10
12
36
24
3
-18
-20
-2
-6
-10
-20
-28
-34
-28
-16
-22
-16
0
0
30
39
26
1
-13
-9
-2
-1
5
12
17
27
45
83
120
110
71
64
50
29
24
5
-3
-12
-1
3
8
15
18
22
28
51
65
66
49
32
1
-26
-17
-10
11
23
2
7
14
21
26
29
25
5
-20
-15
13
12
-27
-59
-44
-8
14
29
9
16
21
28
31
35
31
3
-69
-83
-42
-21
-39
-30
-5
11
18
27
14
21
28
33
33
30
34
23
-31
-78
-82
-74
-60
-32
0
20
33
35
16
22
27
34
33
14
-8
-29
-53
-77
-87
-87
-70
-56
-22
29
64
72
8
14
18
24
14
-9
-53
-87
-96
-89
-78
-70
-64
-54
-14
76
127
137
-1
-1
1
-3
-16
-33
-60
-82
-94
-86
-71
-60
-49
-35
0
46
90
97
-6
-10
-13
-18
-25
-31
-44
-60
-65
-69
-56
-54
-45
-35
-21
-23
-29
-3
-8
-13
-16
-22
-17
-14
-14
-21
-32
-42
-48
-44
-45
-40
-46
-92
-103
-60
-8
-12
-14
-15
-10
-2
7
9
4
-9
-21
-28
-27
-31
-42
-80
-102
-90
-4
-10
-14
-19
-15
-9
10
24
28
23
13
0
-8
-7
-20
-42
-68
-87
-3
-7
-12
-17
-22
-14
2
29
48
50
40
27
15
6
-11
-28
-49
-67
-3
-7
-10
-13
-15
-8
12
32
53
61
59
47
32
21
4
-14
-33
-47
-7
-7
-8
-11
-12
-7
11
29
33
36
46
41
31
29
15
-1
-26
-32
-6
-7
-9
-14
-18
-12
3
13
2
-16
2
10
10
30
22
5
-11
-16
-4
-7
-10
-17
-24
-28
-22
-14
-18
-13
0
0
23
32
23
9
-6
-4
-2
0
5
11
18
30
47
88
119
114
87
69
51
34
24
5
-9
-15
-1
3
8
14
19
25
32
53
72
64
49
35
5
-19
-16
-9
7
19
2
7
13
19
23
27
22
3
-22
-19
3
1
-29
-58
-40
-10
12
28
7
14
19
24
27
31
21
-11
-68
-80
-57
-33
-42
-39
-20
5
20
31
10
18
24
28
27
23
23
8
-43
-82
-88
-76
-59
-33
-6
21
36
42
12
18
22
24
22
9
-12
-32
-55
-79
-86
-86
-64
-48
-12
34
67
81
7
12
14
12
10
-13
-48
-79
-90
-87
-82
-71
-58
-44
-2
65
114
133
0
-1
-1
-5
-14
-28
-55
-76
-91
-82
-71
-57
-49
-36
0
42
80
92
-4
-7
-9
-13
-17
-25
-39
-53
-62
-61
-51
-49
-43
-38
-27
-29
-39
-16
-6
-10
-13
-15
-15
-17
-18
-22
-30
-36
-40
-38
-41
-44
-53
-93
-104
-81
-7
-9
-11
-12
-10
-4
1
3
1
-8
-17
-24
-27
-32
-52
-87
-106
-103
-3
-7
-11
-14
-12
-7
9
20
26
21
15
3
-7
-11
-29
-54
-70
-94
-1
-5
-10
-13
-12
-7
7
28
44
49
43
29
17
6
-11
-31
-47
-68
-3
-6
-9
-12
-11
-4
14
28
53
60
63
52
36
22
4
-14
-29
-43
-8
-9
-10
-11
-10
-3
12
26
31
38
51
49
38
30
15
-1
-15
-25
-8
-9
-10
-13
-14
-8
4
11
3
-5
3
12
16
28
19
4
-3
-11
-4
-7
-10
-15
-20
-23
-15
-14
-15
-10
0
0
16
25
19
8
2
1