-6
-9
-15
-22
-25
-36
-25
-40
-27
-43
-31
-47
-4
-5
-3
-8
-19
-27
44
62
6
10
0
-1
0
-4
0
0
0
0
8
18
26
41
4
6
-9
-8
-8
-18
-19
-20
-31
-32
-33
-41
-42
-44
-42
-48
-52
-42
-50
-58
-37
-46
-64
-24
-40
-50
-21
-45
-70
-52
-69
-86
-32
-29
-52
29
30
32
96
94
107
25
38
51
-6
-2
0
-7
-4
-3
0
0
0
0
0
0
-16
-16
-14
-12
-15
-17
3
-14
-22
-11
-16
-28
-16
-15
-33
-4
-7
-12
-18
-23
-30
-22
-30
-16
-26
-16
-19
0
0
-22
-25
0
0
0
0
52
55
6
1
0
5
0
0
0
0
0
0
8
8
-22
-27
-6
-6
-6
-13
-14
-14
-25
-25
-26
-33
-33
-34
-34
-36
-39
-29
-33
-35
-14
-20
-26
7
-1
-11
-4
-12
-18
-28
-25
-30
0
0
0
0
0
0
0
2
8
17
14
18
28
50
62
59
94
106
44
52
55
-2
-3
-3
-43
-69
-70
-16
-41
-62
-17
-44
-66
-41
-50
-60
-18
-35
-50
-3
-4
-6
-10
-14
-20
-16
-24
-13
-19
0
8
0
13
-10
-9
0
0
0
0
2
-7
31
45
0
6
0
-1
-10
-13
0
-3
-38
-44
-22
-19
-3
-3
-3
-8
-8
-9
-15
-16
-16
-24
-22
-22
-22
-22
-19
-17
-17
-17
0
1
1
27
25
22
23
31
39
21
31
47
0
0
0
0
0
0
-32
-43
-51
-23
-32
-33
64
69
67
63
84
91
16
27
28
-29
-43
-49
-37
-75
-95
-24
-55
-85
-42
-60
-80
-47
-65
-79
-25
-51
-74
-1
-2
-2
-5
-8
-12
-6
-9
2
4
7
12
0
7
-1
24
34
43
0
-16
0
-17
31
36
41
37
-5
-22
0
-5
-21
-19
-35
-49
0
-8
-3
-3
-3
-5
-7
-7
-11
-10
-9
-14
-10
-8
-8
-4
-2
4
7
9
12
14
18
15
18
22
27
44
54
64
99
111
74
97
108
8
9
11
-54
-68
-75
0
0
0
34
29
19
37
29
23
-29
-42
-49
-45
-53
-55
-13
-27
-46
-27
-46
-63
-60
-72
-84
-35
-60
-76
-37
-58
-71
-6
-5
-5
-11
-10
-10
-11
-10
-7
-7
-5
-2
3
7
12
20
24
30
29
29
35
10
13
19
1
7
15
41
63
62
69
109
118
39
70
80
25
25
22
21
21
16
-55
-54
-43
-25
-36
-52
-18
-32
-46
0
0
0
4
2
-9
-57
-61
-68
-62
-78
-93
-35
-56
-70
-26
-34
-47
-6
-8
-9
-11
-3
-6
1
1
9
19
17
23
-7
-6
17
23
0
16
0
0
1
12
0
-42
0
-7
-4
-5
0
0
-48
-66
-19
-35
0
-12
-7
-6
-5
-10
-10
-9
-10
-11
-7
-9
-7
-1
-1
7
14
20
31
41
40
52
56
33
47
55
0
9
16
0
0
0
45
41
24
40
50
50
21
35
37
-3
2
-4
-47
-63
-65
-40
-56
-62
5
1
-14
-10
-13
-13
-87
-85
-91
-101
-117
-127
-73
-98
-113
-29
-42
-60
-2
-15
-32
-6
-5
-3
-7
-9
-13
-14
-16
-3
4
4
29
0
29
0
0
0
-4
0
6
5
0
-10
-21
-12
-17
6
2
-63
-89
-51
-90
0
-21
6
5
-3
-2
-2
-3
-4
-5
-12
-10
-8
-18
-9
0
-6
8
20
17
35
48
42
63
77
72
93
100
71
87
90
31
34
28
-23
-24
-15
-9
-13
-13
2
-2
-3
-17
-21
-22
-21
-39
-51
-24
-39
-52
-18
-29
-39
-51
-76
-103
-129
-164
-190
-110
-152
-175
-53
-86
-110
-12
-32
-50
1
-17
-33
-5
-2
-1
-1
-18
-25
-21
-21
-9
8
37
35
0
39
-1
14
0
-3
0
1
0
-5
0
0
0
-6
-7
-16
-28
-65
-39
-77
1
-10
0
-2
2
2
2
3
4
4
-11
-4
1
-18
-6
3
-2
9
26
30
47
60
43
68
89
67
97
113
64
94
117
36
58
68
-8
-9
-8
-12
-26
-29
-7
-18
-24
-11
-22
-28
-17
-28
-37
-20
-34
-44
-29
-49
-62
-72
-110
-127
-121
-170
-185
-122
-144
-158
-45
-56
-62
1
-1
-8
-21
-24
-30
5
5
6
3
4
10
12
14
5
9
10
16
18
-2
3
6
12
19
-14
-10
5
18
29
26
39
52
0
2
42
63
78
-8
13
52
84
100
17
37
57
78
93
26
33
36
52
60
7
11
12
6
5
-14
-17
-16
-19
-21
-29
-28
-27
-17
-23
-19
-20
-23
-2
-5
-12
-19
-24
-16
-27
-32
0
-6
-36
-47
-51
0
-27
-64
-89
-93
-20
-54
-90
-103
-105
-3
-5
0
-32
-64
0
-3
-4
2
2
35
39
54
7
8
-44
-44
-42
7
7
8
13
17
18
25
29
29
39
38
38
30
29
33
13
24
35
13
36
48
28
48
61
52
62
67
49
52
56
23
24
27
-3
-3
-2
-20
-17
-13
-8
-10
-8
-4
-5
-4
-7
-9
-8
-11
-19
-14
-18
-29
-24
-27
-25
-20
0
0
0
0
0
0
-7
-13
-25
-60
-63
-72
8
8
6
12
23
34
30
38
-3
0
-9
-4
19
30
28
42
14
21
-1
-3
1
-3
0
-1
0
-3
0
-4
-13
-13
0
0
0
0
-27
-37
6
7
7
13
14
16
25
27
29
39
36
34
31
29
31
1
9
18
-11
5
17
8
18
29
38
40
45
43
46
45
33
35
33
20
21
20
17
14
15
18
15
18
17
19
24
9
15
23
8
17
31
22
35
45
50
62
78
3
38
61
0
0
0
-44
-62
-79
3
0
3
0
3
9
12
19
28
15
21
-16
-18
-11
-16
12
19
27
36
22
32
21
29
24
33
18
26
9
16
2
9
23
51
56
74
-23
-23
-51
-67
2
3
3
5
6
8
17
18
17
24
21
22
8
9
12
-20
-11
-5
-23
-13
-5
-3
1
3
22
19
17
33
31
25
38
37
32
39
38
34
44
42
39
44
46
49
42
49
56
41
53
67
33
55
72
42
69
95
98
122
137
87
94
104
2
10
19
-46
-44
-44
0
0
0
0
1
0
0
6
10
2
3
-16
-24
0
-9
13
7
21
23
24
32
28
41
30
49
27
44
28
46
14
29
2
20
27
40
-3
9
0
25
0
-1
0
-2
1
2
5
7
8
10
11
12
3
2
1
-16
-14
-12
-17
-18
-18
-17
-21
-23
-3
-14
-18
11
2
-7
26
22
12
40
39
33
51
55
51
61
67
69
62
76
83
66
86
99
61
87
111
48
82
113
45
92
124
66
96
117
40
56
69
42
62
65
59
59
50
-1
-2
-2
-2
-2
-1
3
4
3
12
11
8
11
8
4
9
-1
-8
-12
-19
-24
-22
-34
-41
-30
-42
-49
-18
-34
-44
3
-15
-25
25
20
9
49
50
46
70
76
77
82
95
103
87
107
126
80
109
135
56
98
132
30
70
116
35
73
109
49
80
106
54
79
99
44
67
72
3
0
-3
-3
5
9
9
11
19
20
16
-3
0
0
5
-5
19
20
25
36
37
52
36
63
41
65
28
45
-1
6
-3
9
0
25
2
24
-1
-1
-1
0
0
0
6
5
5
14
10
8
16
10
7
9
0
-9
-4
-19
-33
-29
-44
-56
-49
-57
-71
-23
-49
-69
-24
-44
-59
3
-10
-22
33
33
26
72
75
74
97
109
113
101
126
141
102
133
158
75
116
150
39
80
125
23
71
112
32
68
103
37
72
97
30
52
68
0
0
2
2
8
10
10
14
12
14
6
-1
-6
-27
0
0
10
-4
15
15
35
50
55
76
50
84
40
68
0
27
-10
-1
0
0
-4
6
1
1
1
2
2
2
5
4
3
8
7
5
11
5
-2
5
-7
-12
-15
-29
-43
-40
-53
-70
-34
-56
-77
-31
-62
-85
-53
-76
-89
-31
-39
-56
17
11
0
65
68
65
102
117
119
119
145
161
126
157
181
112
142
173
87
116
143
54
83
114
35
64
98
27
60
86
16
37
55
1
2
1
2
0
2
5
6
1
-2
-13
-25
-17
-23
1
-10
0
-34
-1
-14
26
41
58
87
67
107
55
95
34
67
0
36
1
24
-4
3
2
2
2
3
3
3
2
2
2
2
1
1
3
0
-3
-9
-14
-21
-32
-41
-50
-40
-53
-70
-25
-53
-75
-39
-66
-83
-54
-79
-89
-62
-76
-79
-2
-11
-23
58
51
32
117
126
121
141
165
183
141
174
197
117
144
178
99
131
155
79
108
129
61
82
100
27
46
71
10
25
39
0
2
6
7
0
0
2
2
-5
-9
-19
-29
-3
-6
0
-14
0
-14
0
-18
16
24
52
94
80
130
53
91
20
53
0
34
4
25
0
6
2
3
3
6
6
5
5
5
3
2
2
0
0
-1
-5
-9
-13
-19
-28
-35
-43
-27
-42
-58
-19
-43
-61
-36
-52
-58
-45
-54
-58
-51
-55
-45
10
5
-4
33
29
19
112
117
110
156
177
171
138
165
194
94
130
168
85
113
135
77
103
119
52
71
82
24
41
55
5
14
24
2
3
3
7
7
5
10
10
7
10
8
5
6
5
2
1
-2
-6
-4
-17
-27
-11
-29
-42
-22
-37
-45
-29
-33
-32
0
5
2
24
36
28
-63
-57
-33
0
0
0
60
65
43
113
114
114
85
103
121
57
91
107
43
66
89
57
68
74
32
45
48
7
17
27
-9
-3
4
-2
1
5
7
13
14
5
6
6
5
10
9
0
0
5
-13
0
0
1
1
0
0
30
55
55
92
22
49
0
10
26
42
2
11
-4
-4
3
6
11
17
15
15
17
8
-43
-35
28
-6
-30
0
0
1
24
38
26
17
0
-17
-31
2
7
11
13
15
11
9
-6
-46
-28
31
9
-23
0
0
8
36
52
44
28
9
-13
-29
2
6
9
10
10
5
2
-19
-37
-17
26
14
-20
0
0
6
37
49
52
37
12
-7
-21
1
6
8
13
12
19
14
-6
25
0
0
0
-16
-4
0
-12
-13
-20
3
8
13
16
19
24
1
-27
33
0
0
0
-19
11
0
-7
-16
-28
1
5
12
17
20
27
37
36
26
6
-2
0
13
0
0
-31
-10
23
26
-10
-30
-40
-49
1
5
12
17
22
28
34
28
15
4
0
-4
14
0
0
-22
-7
19
25
-7
-28
-40
-46
1
4
10
16
19
23
28
23
8
6
5
2
14
0
0
-21
-12
8
15
-4
-27
-35
-43