313
374
258
402
272
435
311
472
263
419
211
318
28
38
12
41
28
82
29
63
11
25
0
9
0
110
0
0
0
0
84
169
105
204
118
193
439
415
436
526
595
670
536
662
745
594
689
782
595
704
795
563
678
765
424
581
744
228
389
498
162
313
432
170
241
310
34
31
72
31
38
56
114
134
177
121
236
338
165
309
410
230
304
301
0
0
0
0
0
0
102
127
127
160
281
353
224
323
439
254
314
425
202
269
412
352
424
259
426
272
405
332
463
260
420
191
277
0
0
100
129
0
0
0
0
96
129
9
29
0
119
0
0
0
0
0
0
62
107
97
160
450
466
486
551
622
668
556
673
757
584
705
790
592
690
778
544
648
746
441
571
688
211
378
512
184
329
431
207
230
292
0
0
0
0
0
0
80
99
146
189
268
343
199
300
354
189
274
276
37
58
55
0
1
1
118
172
170
111
243
323
128
299
433
249
320
387
125
240
335
358
402
258
419
275
430
268
446
263
406
124
235
0
83
120
173
0
0
0
0
85
137
86
146
0
16
0
24
17
26
0
28
95
136
53
72
448
473
499
535
624
691
538
674
769
595
681
782
557
684
781
501
618
723
393
508
616
290
421
516
238
365
422
201
231
262
0
0
0
0
0
0
112
145
183
150
184
226
171
204
252
157
252
298
109
177
199
69
115
135
97
168
211
111
223
326
174
289
398
210
318
401
122
242
357
337
409
280
422
251
416
261
403
223
377
110
207
0
76
69
120
10
28
0
26
0
61
52
70
66
127
20
49
0
19
49
80
96
165
0
61
457
479
458
523
615
666
543
664
765
576
703
790
562
667
771
489
600
703
356
455
592
280
409
502
235
336
375
163
223
270
64
92
116
50
68
95
167
223
238
0
0
0
79
82
78
222
279
316
160
223
252
70
103
128
94
145
190
144
240
314
248
342
414
188
305
385
137
241
323
422
438
468
535
601
684
546
661
752
558
655
754
488
619
736
452
559
677
367
457
586
279
369
448
219
267
288
115
148
152
86
139
163
106
182
232
158
230
268
44
64
78
110
107
126
237
295
330
200
216
248
0
0
0
102
118
117
214
270
310
224
329
406
183
303
379
157
231
304
333
409
287
407
282
415
216
366
190
330
120
219
63
142
44
78
0
21
0
0
20
53
0
70
0
110
63
78
0
0
106
176
58
112
0
67
432
456
469
477
572
632
480
613
724
509
618
737
461
598
693
394
515
626
331
464
542
264
371
449
181
248
266
0
0
0
62
72
46
143
219
242
150
251
326
108
188
255
140
212
284
181
282
350
190
222
239
46
49
49
137
138
165
215
277
308
202
314
373
152
242
332
130
224
303
335
397
232
377
227
380
190
336
127
234
82
168
0
119
0
0
0
37
0
43
18
73
14
57
19
68
56
102
83
121
97
155
0
52
19
42
414
433
453
475
568
626
465
598
693
488
598
696
376
514
620
295
449
578
227
380
518
257
388
463
227
291
315
39
39
48
69
92
95
133
232
294
155
279
365
165
266
342
116
241
357
146
269
379
141
239
304
155
207
273
196
239
292
181
243
286
126
210
271
73
184
270
116
215
293
307
371
154
295
212
357
142
237
37
98
50
82
1
135
28
50
0
15
0
5
0
97
0
0
0
37
28
58
77
152
77
116
9
38
0
9
431
472
493
414
538
628
476
597
702
428
530
623
260
382
531
193
356
514
165
317
474
232
359
450
231
304
379
106
169
234
99
165
226
121
227
340
167
288
375
187
295
375
123
250
359
141
271
378
133
268
378
202
316
402
229
296
351
141
164
199
76
107
144
72
132
201
161
234
289
364
401
451
280
320
434
557
642
129
317
480
596
688
179
341
404
516
618
91
132
209
360
510
149
301
475
0
5
159
318
463
43
100
242
365
476
95
179
244
326
421
56
89
154
256
331
136
238
319
26
69
144
259
350
32
80
204
296
405
66
132
211
311
414
23
78
185
300
420
177
302
391
24
74
174
309
432
0
78
249
387
466
75
171
249
290
304
6
6
0
45
88
0
5
13
1
2
53
67
136
96
143
243
297
335
382
431
464
418
545
620
487
603
680
408
537
648
249
375
507
144
294
450
187
294
434
265
368
483
295
367
458
253
333
425
240
326
416
243
334
427
231
338
436
209
319
439
202
332
436
228
351
431
226
374
465
262
412
472
226
231
302
0
0
0
0
0
0
40
74
160
281
325
386
276
319
174
319
212
351
106
186
34
71
99
160
139
221
116
193
106
187
102
176
67
117
0
95
0
83
0
105
114
201
0
0
0
0
154
208
390
456
495
438
540
629
464
580
702
449
571
671
310
461
581
254
381
515
227
367
494
257
364
474
293
378
465
298
384
464
302
388
466
302
394
468
282
362
458
217
316
424
241
345
450
241
357
452
238
376
466
271
404
465
208
228
292
1
30
59
0
0
0
121
154
215
168
189
218
283
321
209
339
214
352
174
283
102
170
74
154
91
181
135
216
134
232
138
238
102
191
94
176
58
149
66
152
93
175
40
62
24
31
110
155
371
436
497
422
519
612
462
586
678
442
573
681
420
522
622
309
434
536
217
361
465
219
333
426
238
344
432
289
383
466
314
398
477
330
417
492
308
393
465
283
357
434
283
363
447
287
376
460
265
376
458
235
326
409
178
244
310
114
137
179
83
103
152
163
196
223
0
0
0
280
306
147
293
220
350
194
336
136
214
0
58
42
85
109
173
132
207
148
232
140
242
131
218
134
228
117
193
34
68
30
71
56
105
0
39
359
425
449
415
545
615
433
564
685
439
583
683
436
536
630
302
384
520
152
284
406
125
270
384
162
294
390
237
327
412
286
389
474
307
398
477
329
407
470
325
394
456
304
392
461
313
400
475
294
380
459
203
294
376
95
212
308
146
215
274
148
191
231
111
193
238
72
82
99
380
445
490
448
550
617
465
596
668
449
600
693
468
565
652
318
395
527
213
311
414
100
235
366
126
246
368
159
262
380
202
298
390
285
361
426
310
375
431
326
388
432
316
386
440
324
398
465
302
377
454
193
296
391
68
174
300
110
199
291
126
208
285
95
170
236
100
158
196
294
350
224
350
219
364
218
351
145
235
49
83
0
0
50
86
107
165
136
216
161
242
133
235
152
244
130
195
21
26
31
51
8
47
2
37
399
458
484
470
562
616
475
574
680
517
630
709
505
598
656
392
488
585
250
333
487
163
271
412
138
240
381
76
201
344
156
247
351
227
291
358
258
329
369
300
347
379
318
371
408
311
382
433
307
385
452
197
301
396
89
193
317
101
212
315
83
187
297
81
187
288
152
219
311
302
339
202
356
210
372
245
380
177
294
116
178
25
60
0
0
58
104
102
164
134
207
160
231
142
240
117
190
0
40
40
54
0
0
46
76
418
446
471
476
544
611
489
585
660
519
604
700
528
632
703
411
547
617
332
437
547
229
294
457
126
238
387
90
220
349
137
235
318
162
219
282
192
243
286
242
280
310
272
322
355
290
358
409
309
384
445
236
322
412
174
260
345
138
225
316
91
194
314
105
222
339
218
288
365
310
386
210
360
188
367
249
383
216
339
145
248
50
84
2
22
0
62
53
99
89
144
128
195
145
231
128
222
65
129
0
65
11
46
80
140
422
425
412
460
543
606
477
572
661
516
609
692
519
611
686
479
592
667
406
508
610
242
327
497
114
262
413
124
248
360
119
213
277
128
164
196
115
133
154
165
177
200
235
263
276
277
326
370
315
387
445
262
325
421
208
301
385
172
276
369
158
266
376
195
258
403
283
356
414
293
362
214
347
220
364
231
386
216
336
125
235
19
51
0
47
0
30
0
26
49
82
77
140
148
238
136
223
60
114
0
64
58
125
122
223
386
411
443
450
520
617
458
569
676
481
584
691
508
607
704
500
585
687
404
516
626
193
333
503
122
265
406
141
253
336
119
214
294
86
101
99
31
26
28
109
95
88
162
169
165
264
292
293
309
381
442
239
339
449
186
288
387
191
313
414
202
283
403
261
356
462
341
423
495
370
399
444
405
519
592
463
556
669
428
600
698
463
583
703
467
599
695
406
514
619
217
351
490
144
252
348
140
216
321
0
156
279
62
104
101
87
80
59
0
0
0
47
51
28
258
262
257
314
377
425
219
330
431
118
236
375
169
275
387
270
365
474
301
391
487
380
452
519
294
329
136
273
203
348
219
358
237
366
134
246
0
1
17
72
0
0
3
3
0
0
16
42
147
255
138
241
0
19
41
83
119
203
151
266
366
413
379
446
446
482
434
287
209
89
38
109
106
0
0
257
302
177
116
166
321
362
405
411
542
560
592
613
618
561
349
277
111
91
178
100
0
0
259
362
329
244
277
402
439
478
465
627
685
710
728
715
673
442
351
216
194
236
89
0
0
221
397
426
388
450
519
514
541
274
117
191
245
238
175
95
7
28
0
0
0
145
97
0
65
151
193
304
256
329
363
382
290
172
67
41
0
0
0
241
176
0
117
248
297
335
397
410
486
532
547
478
349
235
15
4
140
73
0
0
235
241
145
172
246
356
387
411
380
515
555
595
633
645
587
440
256
20
2
214
97
0
0
218
318
273
287
359
462
460
477
458
600
679
709
736
727
669
500
309
142
161
256
71
0
0
213
375
400
402
477
538
527
546