-7
-10
-6
-9
-1
0
0
2
-1
0
-1
2
0
0
-3
-10
-18
-42
-19
-35
-3
-6
0
5
0
-1
0
0
0
0
9
30
10
29
10
24
-10
-8
-7
-11
-8
-6
-4
-2
0
4
6
7
6
9
12
3
8
12
3
6
9
4
1
2
-1
-4
-5
-6
-10
-12
-7
2
3
-14
-4
4
-13
-8
-7
-9
-22
-31
-11
-22
-17
-10
-10
-1
0
0
0
0
0
0
22
22
15
55
63
54
61
68
63
42
55
58
45
55
48
-9
-10
-7
-8
1
1
4
7
2
4
5
6
0
0
2
-3
0
0
0
0
-10
-21
-9
-28
0
-23
0
0
0
0
0
0
1
13
3
20
-5
-3
-1
-5
-2
0
2
3
5
10
11
12
15
17
19
14
18
20
11
14
17
-1
-3
2
-17
-17
-12
-12
-12
-7
0
0
0
0
0
0
-5
-11
-9
-42
-42
-27
-54
-45
-20
-12
-8
-7
10
3
-8
1
0
-1
18
13
3
6
15
17
6
19
24
21
24
27
19
24
28
-3
-1
-2
0
1
5
6
12
7
14
7
15
0
-2
-3
-6
0
0
0
0
6
12
-8
-14
0
4
0
7
10
17
0
-11
-2
-5
3
11
3
4
5
4
6
8
5
9
12
12
15
18
18
22
24
20
25
28
19
23
26
9
8
11
-13
-14
-6
-5
-3
0
0
0
0
0
0
0
28
19
12
13
14
29
1
13
29
14
9
8
-2
-2
-5
4
2
-3
3
3
5
-21
-12
-3
-12
-10
-5
3
3
5
1
3
9
2
5
1
3
1
4
3
9
4
12
0
4
0
-7
-1
8
8
22
0
7
0
11
4
6
1
-4
-16
-35
0
-2
-12
-17
1
-3
0
-1
7
8
9
8
13
15
9
16
19
14
22
24
19
26
30
21
27
32
12
18
28
-1
7
18
-11
-2
13
15
11
12
20
8
-6
15
2
-9
25
20
6
0
0
0
6
5
7
-8
-8
-6
-35
-28
-15
-24
-12
7
-12
-10
5
-21
-19
-8
-13
-12
-9
-3
-8
-4
-14
-11
-2
12
14
15
18
23
25
22
27
30
24
30
33
24
35
40
28
36
42
21
29
38
3
18
30
0
10
25
6
10
22
-3
2
9
-1
-5
-15
-21
-17
-27
-3
-9
-29
13
-1
-15
21
6
-11
-3
-9
-9
0
0
0
-19
-6
10
-25
-16
-3
-8
-5
0
1
3
4
2
0
-3
2
10
5
14
7
16
6
16
8
22
2
9
-4
0
0
1
0
-7
0
0
-7
-13
0
9
0
15
2
1
0
0
-8
-21
-1
-4
0
1
18
20
20
22
28
29
25
33
36
30
40
44
40
49
56
53
61
64
51
61
57
44
45
42
32
30
27
0
0
0
4
-1
3
2
-3
-12
-4
-13
-31
0
-7
-30
6
-2
-24
9
7
-13
14
4
-14
6
-1
-21
-10
-12
-12
-12
-7
-3
9
10
14
9
14
17
8
6
5
6
16
10
19
8
20
10
27
14
39
21
46
0
27
0
0
0
1
0
8
11
17
1
8
1
6
7
19
7
10
-5
-11
0
10
2
7
19
19
19
25
28
28
27
35
36
37
45
47
55
66
68
71
79
72
58
60
51
32
28
24
-4
0
2
-1
-2
-14
0
-2
-18
5
-2
-20
6
-9
-28
5
-8
-23
16
3
-17
23
12
-9
34
23
3
36
22
-7
9
-4
-17
-18
-17
-9
-4
0
8
5
6
16
-10
-10
3
4
12
11
20
9
22
13
35
13
43
4
12
-1
-32
-11
-9
0
1
0
1
0
-23
0
0
0
0
8
21
14
33
-5
-12
-13
-30
0
-3
13
15
13
16
16
17
21
27
23
36
42
40
50
54
49
51
50
42
11
14
13
-27
-21
-20
-36
-27
-32
-6
-14
-35
-5
-16
-37
-7
-19
-41
-29
-34
-44
-38
-40
-44
-23
-29
-35
-12
-17
-25
7
2
-10
35
22
2
22
13
4
-20
-14
-1
-38
-24
0
-31
-24
4
-30
-24
-2
0
1
0
-3
-2
-1
-2
-2
-3
-2
1
0
0
1
3
6
5
4
4
13
16
9
4
2
-3
-7
0
0
-38
-40
-36
-17
-45
-64
-66
-60
-18
-42
-53
-63
-66
-10
-29
-49
-60
-68
-55
-64
-70
-14
-38
-51
-61
-70
-9
-29
-46
-55
-63
-10
-24
-34
-47
-55
1
-4
-25
-39
-47
-27
-36
-39
0
-11
-20
-23
-25
0
-6
4
3
-3
0
7
9
14
14
0
0
0
0
9
0
1
7
-1
-2
-12
4
9
-8
-14
-7
6
18
-9
-9
-9
-16
-16
-14
-16
-20
-20
-22
-27
-29
-35
-42
-38
-38
-48
-46
-50
-56
-53
-46
-55
-53
-42
-55
-58
-46
-59
-67
-52
-65
-74
-53
-67
-76
-43
-59
-67
-29
-45
-57
-24
-38
-45
-17
-32
-40
-13
-26
-30
-10
-13
-15
0
3
1
0
0
0
0
0
0
1
4
15
8
20
40
-6
-10
-9
-17
-8
-17
-6
-21
-7
-24
-12
-28
-11
-23
-9
-24
-12
-31
-13
-30
-7
-16
0
-21
0
-7
0
-6
-3
-7
0
0
0
0
0
0
-10
-11
-12
-13
-16
-17
-16
-21
-24
-26
-32
-32
-37
-46
-43
-34
-46
-43
-16
-28
-29
-7
-13
-18
-10
-15
-20
-16
-24
-32
-26
-37
-45
-35
-48
-55
-41
-52
-58
-49
-55
-58
-61
-61
-62
-53
-55
-55
-46
-46
-45
-32
-30
-28
-11
-11
-15
0
-8
-15
0
0
0
14
14
12
-1
18
50
-3
-4
-1
-4
-5
-12
-10
-22
-6
-11
3
9
3
9
1
3
-3
-9
-9
-22
-11
-30
-19
-42
-13
-40
-15
-34
-5
-9
5
8
4
6
4
19
-6
-9
-11
-5
-10
-13
-10
-15
-17
-17
-22
-25
-24
-27
-27
-16
-16
-15
13
10
6
31
27
21
24
26
22
10
10
9
-2
-4
-10
-16
-23
-27
-29
-38
-41
-38
-48
-51
-45
-55
-57
-46
-53
-55
-36
-42
-41
-15
-15
-15
14
9
-1
14
7
-7
14
5
-7
28
18
5
0
0
0
1
-5
-2
-7
-4
-9
-5
-12
-5
-7
0
10
7
26
11
22
3
8
-2
-4
-5
-14
-8
-17
-7
-17
-3
-5
4
15
6
13
12
28
0
11
-11
-12
-12
-15
-16
-17
-14
-17
-19
-15
-20
-22
-19
-21
-23
-14
-13
-15
4
4
1
29
30
24
42
44
36
37
41
39
21
25
24
5
6
3
-12
-14
-16
-21
-27
-29
-23
-31
-33
-21
-28
-30
-9
-14
-16
12
10
6
18
20
12
18
15
6
30
22
9
28
15
-6
-6
-10
-26
-15
-17
-15
-22
-23
-22
-20
-23
-22
-20
-25
-24
-24
-28
-30
-31
-37
-35
-44
-41
-36
-11
-14
-12
21
23
21
43
48
43
35
43
43
19
25
30
7
9
11
-4
-6
-3
-8
-11
-9
-7
-9
-9
4
3
0
17
16
11
14
14
9
12
12
8
28
23
9
3
4
-5
-19
-25
-34
-6
-13
-11
-18
-7
-14
-7
-16
-8
-23
-15
-34
0
0
13
31
9
20
3
7
-1
-2
-3
-5
0
-2
6
10
2
9
-2
0
5
16
-1
-12
-12
-13
-12
-14
-17
-17
-17
-19
-19
-22
-24
-23
-26
-31
-33
-33
-38
-41
-46
-54
-49
-50
-49
-39
-16
-13
-8
15
21
24
41
43
43
29
37
42
18
26
31
9
13
18
3
4
7
2
3
6
7
8
8
9
9
8
-12
-8
-5
2
-2
-6
10
3
-10
-17
-25
-34
-37
-45
-55
-2
-6
-2
-8
-5
-12
-8
-15
-7
-20
-11
-30
-11
-27
0
0
14
33
6
16
2
7
0
3
0
2
4
7
0
-1
6
7
0
0
-9
-24
-5
-6
-4
-5
-5
-8
-7
-8
-11
-9
-11
-15
-12
-17
-21
-19
-26
-32
-24
-31
-37
-32
-37
-32
-22
-19
-12
-4
2
12
24
30
35
33
37
45
20
32
42
13
21
28
6
11
18
3
8
13
6
9
12
5
8
9
-4
-5
-5
-1
-9
-12
-19
-25
-31
-37
-48
-53
-42
-54
-60
1
1
-1
0
0
1
0
-1
-1
-4
-1
-7
-4
-6
-2
-3
0
10
10
22
3
7
-1
0
-1
0
1
5
4
11
0
10
-7
-20
-9
-27
5
4
4
6
5
2
6
4
2
7
2
-3
2
-2
-4
0
-8
-13
-6
-12
-16
-5
-11
-12
-1
-3
0
3
5
13
14
24
33
34
38
47
21
30
43
10
18
33
4
9
17
3
10
15
13
20
25
21
26
28
22
19
15
-1
-7
-10
-37
-41
-41
-44
-56
-58
-38
-48
-55
11
14
10
15
3
9
2
7
0
2
2
4
2
8
0
-4
0
-5
0
8
0
3
1
2
3
7
7
19
9
24
0
-4
-13
-30
-11
-26
14
12
10
19
16
12
15
11
5
10
6
1
7
0
-4
0
-4
-9
-3
-6
-10
7
-1
-6
1
-1
4
-2
7
18
9
29
35
14
23
22
5
8
20
5
8
14
6
9
14
14
20
24
28
39
46
40
48
54
30
32
31
-10
-8
-7
-36
-38
-38
-36
-44
-50
-32
-39
-40
15
12
11
19
15
11
13
10
4
3
-1
-5
-5
-8
-11
-11
-17
-20
-21
-22
-25
-28
-30
-26
-20
-22
-12
-8
0
15
0
17
19
6
-1
-18
12
5
-6
0
0
0
3
6
6
21
26
24
41
56
57
52
61
58
26
27
29
-13
-10
-11
-34
-37
-35
-29
-35
-38
-25
-28
-29
10
16
10
17
3
6
-3
-5
-6
-11
-7
-19
0
0
-1
-2
0
0
3
3
0
0
0
1
4
14
12
32
0
12
-7
-12
-11
-25
-9
-19
4
5
-2
-13
-21
-30
-38
-48
-51
-16
-16
-14
10
0
0
22
49
36
-6
-26
-29
-23
-17
4
4
-4
-14
-26
-35
-45
-55
-44
1
-8
-24
-5
0
0
27
56
45
-2
-24
-32
-25
-19
3
4
-2
-12
-23
-32
-47
-50
-29
16
7
-32
-16
0
0
27
56
46
8
-20
-31
-25
-18
-1
-1
-6
-10
-11
-14
-17
-5
-6
0
0
0
5
14
0
-5
-6
-7
0
-2
-10
-17
-25
-29
-40
-19
-11
0
0
0
17
39
0
-21
-17
-13
-7
-8
-14
-21
-30
-39
-42
-45
-42
-3
0
-17
-8
0
0
16
40
26
-18
-30
-26
-17
-9
-5
-7
-13
-22
-32
-41
-50
-55
-45
-8
-1
-26
-9
0
0
24
47
29
-15
-31
-28
-19
-9
-5
-6
-13
-21
-31
-41
-52
-59
-48
-35
-31
-33
-8
0
0
32
49
33
-6
-26
-28
-20
-8