-22
-33
-29
-42
16
26
0
73
-2
10
42
88
0
-15
-43
-75
-75
-124
-49
-81
0
0
0
-15
9
-2
-12
-33
-26
-45
-35
-35
-30
-31
-33
-43
-39
-35
-50
-46
-37
-20
-18
-10
87
89
82
116
148
162
66
132
167
110
149
153
12
19
14
-25
-26
-26
-93
-109
-108
-151
-167
-178
-148
-163
-191
-46
-55
-73
0
0
0
0
0
0
-68
-169
-241
-46
-102
-161
-53
-87
-114
-51
-66
-75
-23
-29
-30
-28
-33
-36
-34
-39
-41
-21
-30
-21
-21
-22
-6
-10
5
13
19
2
12
45
71
79
-5
19
46
94
117
24
60
90
0
0
4
1
9
1
2
0
0
0
0
0
0
0
0
-1
-6
-17
-21
-25
-113
-121
-128
-63
-104
-237
-252
-265
-117
-186
-145
-199
-237
0
0
0
0
0
0
0
30
27
20
4
-26
-62
19
22
-14
-42
-71
6
1
-27
-42
-61
-18
-26
-31
-36
-44
-12
-16
-15
-11
-18
-7
-14
-22
-4
-12
-15
11
8
7
24
29
40
35
58
72
20
51
76
-28
2
23
-91
-92
-85
-106
-127
-126
16
19
8
18
18
18
-9
-5
-14
-206
-214
-204
-254
-277
-285
-87
-108
-126
49
44
39
61
53
40
27
16
1
-2
-8
-22
-16
-16
-23
-9
-7
-7
4
6
12
19
21
24
-17
4
-45
-47
-60
-101
-43
-61
0
13
-2
0
-141
-209
-81
-126
19
22
42
56
22
25
-9
-10
-10
-10
6
-3
-14
18
13
8
27
25
27
21
34
43
27
48
68
47
72
94
37
59
72
-96
-67
-48
-184
-180
-163
-136
-146
-153
-114
-127
-120
0
0
0
-29
-17
-38
-158
-174
-178
-107
-108
-122
12
6
-7
47
41
29
35
26
16
12
6
-3
-5
-6
-11
-6
-5
-6
17
25
18
24
0
-1
0
13
0
0
-68
-85
-93
-147
-72
-153
-34
-61
-16
-39
-64
-105
-8
-15
31
36
22
27
2
3
-7
-7
3
-4
-11
29
22
20
24
26
31
5
19
28
13
30
48
40
57
77
35
48
87
0
0
92
-109
-126
-123
-188
-208
-218
-226
-234
-243
-121
-130
-132
-29
-42
-63
-80
-94
-110
-86
-95
-112
-27
-37
-41
19
6
1
24
15
7
12
7
2
-2
-2
-4
-4
-2
-3
19
30
4
6
-6
-5
-1
1
-6
-4
0
0
0
0
-84
-138
-73
-112
-39
-63
-48
-73
-27
-35
2
0
12
13
7
6
-12
-8
11
7
6
38
32
38
22
26
30
-8
2
9
-6
-2
7
0
12
27
-6
7
38
0
0
0
0
0
0
0
0
0
-136
-151
-146
-112
-133
-145
-95
-115
-135
-96
-112
-128
-82
-94
-104
-47
-51
-57
-12
-15
-22
5
-1
-6
8
3
-1
1
-1
-2
-4
-2
-2
38
38
39
46
44
43
27
43
28
25
20
10
13
-9
-12
-11
-14
-25
-35
-29
-21
-14
-25
-27
-24
-18
-68
-68
-82
-47
-68
0
0
0
0
0
0
0
0
0
0
9
6
6
0
-4
-23
-25
-24
-66
-73
-74
-35
-51
-96
-115
-119
-58
-84
-93
-108
-116
-46
-69
-71
-83
-86
-28
-40
-46
-52
-54
-28
-32
-34
-15
-22
-15
-18
-20
-5
-9
-8
-11
-12
-8
-8
-7
-7
-8
-1
-2
-1
-2
-3
63
65
63
40
38
28
13
12
-3
-9
-5
-23
-34
-39
-38
-14
-15
-22
-32
-58
-55
-121
-158
-183
-9
-7
-12
26
34
25
0
0
0
0
0
0
-30
-41
-36
-40
-44
-40
-38
-40
-35
-35
-38
-38
-38
-40
-37
-33
-34
-32
-23
-25
-23
-12
-13
-14
0
-3
-4
21
30
0
0
-14
-18
-13
-19
0
0
-60
-87
0
33
0
0
0
0
-5
-9
-11
-18
-21
-29
-26
-35
-23
-30
-13
-16
9
2
58
54
48
2
-12
-17
-32
-26
-42
2
0
-43
-66
-79
-96
-38
-59
-78
0
0
0
0
0
0
-96
-114
-127
-4
-3
-4
0
0
0
24
31
27
51
56
58
39
45
50
-5
4
13
-38
-31
-24
-45
-45
-38
-40
-40
-35
-26
-25
-23
-10
-14
-14
-3
-4
-6
13
4
0
-6
-23
-36
-38
-70
0
0
-7
-8
-14
-23
0
-18
29
38
57
85
10
15
-26
-34
-36
-49
-22
-32
0
-5
-7
-3
36
23
15
-24
-40
-53
-23
-58
-85
-15
-57
-102
-101
-143
-185
-92
-126
-180
-1
0
0
26
35
35
-35
-48
-57
-18
-33
-41
0
0
0
77
83
81
126
126
120
80
90
103
-1
16
37
-43
-35
-18
-47
-43
-33
-36
-34
-30
-17
-18
-17
-5
-9
-10
-3
-4
-5
0
-13
-2
-9
0
0
-35
-53
-44
-53
17
16
0
-9
0
0
62
106
86
126
-15
-13
-39
-51
-22
-29
-15
-20
-7
-8
0
-3
-3
-14
-29
-38
-60
-83
-55
-84
-116
-30
-72
-131
-62
-127
-192
-62
-114
-166
-50
-66
-85
8
4
-1
-51
-74
-78
0
-72
-90
21
30
22
137
132
116
140
132
128
47
61
76
-18
8
28
-36
-22
-6
-24
-23
-14
-17
-14
-11
-11
-6
-6
-8
-5
-5
-2
-2
-1
-30
-50
-59
-62
-88
-112
-93
-128
-134
-59
-91
-135
-33
-83
-142
-20
-51
-88
14
-23
-61
-14
-33
-51
-87
-103
-102
-48
-68
-86
63
44
25
111
94
85
55
51
65
0
12
30
5
1
12
16
11
13
19
19
18
12
14
13
2
7
8
-1
3
3
0
1
2
0
-20
-36
-67
-19
-21
8
2
0
0
-10
-26
0
-12
46
56
77
110
28
27
0
0
10
16
14
18
5
7
-4
-2
2
0
-21
-41
-56
-58
-91
-118
-93
-124
-154
-93
-116
-148
-65
-81
-109
-32
-47
-74
-17
-28
-52
0
-20
-48
-16
-51
-78
-26
-45
-63
56
28
9
51
34
28
-10
-6
4
-25
-23
-20
17
4
-2
49
40
30
51
44
41
33
31
27
19
20
20
9
11
11
3
4
6
2
-20
-37
-66
-40
-67
-26
-37
-20
-30
0
10
0
-5
40
55
37
44
0
-2
23
5
37
48
32
46
22
29
10
12
7
6
-8
-6
-10
-51
-81
-96
-74
-94
-118
-78
-96
-108
-61
-64
-90
-34
-51
-70
-32
-43
-65
-33
-43
-61
-31
-51
-76
-3
-29
-45
26
0
-20
-6
-21
-31
-35
-50
-55
-30
-43
-44
20
9
1
52
43
33
52
45
39
39
35
31
23
23
21
13
14
15
5
6
6
-14
-29
-29
-44
-31
-40
-9
-14
19
19
-31
-38
-8
-20
16
15
1
-5
0
-16
19
21
34
44
27
39
23
29
10
13
7
8