-26400
-26400
-29500
-29500
-32500
-32500
-35500
-35500
-38500
-38500
-41500
-41500
-44500
-44500
-47600
-47600
-50600
-50600
-53600
-53600
-56600
-56600
-59600
-59600
-62600
-62600
-65700
-65700
-68700
-68700
-71700
-71700
-23900
-23900
-23900
-26300
-26300
-26300
-28700
-28700
-28700
-31100
-31100
-31100
-33600
-33600
-33600
-36000
-36000
-36000
-38400
-38400
-38400
-40800
-40800
-40800
-43200
-43200
-43200
-45600
-45600
-45600
-48000
-48000
-48000
-50400
-50400
-50400
-52800
-52800
-52800
-55200
-55200
-55200
-57600
-57600
-57600
-60000
-60000
-60000
-62400
-62400
-62400
-64800
-64800
-64800
-67200
-67200
-67200
-69600
-69600
-69600
-72000
-72000
-72000
-23900
-23900
-23900
-26300
-26300
-26300
-26400
-26400
-28700
-28700
-28700
-29500
-29500
-31100
-31100
-31100
-32500
-32500
-33600
-33600
-33600
-35500
-35500
-36000
-36000
-36000
-38400
-38400
-38400
-38500
-38500
-40800
-40800
-40800
-41500
-41500
-43200
-43200
-43200
-44500
-44500
-45600
-45600
-45600
-47600
-47600
-48000
-48000
-48000
-50400
-50400
-50400
-50600
-50600
-52800
-52800
-52800
-53600
-53600
-55200
-55200
-55200
-56600
-56600
-57600
-57600
-57600
-59600
-59600
-60000
-60000
-60000
-62400
-62400
-62400
-62600
-62600
-64800
-64800
-64800
-65700
-65700
-67200
-67200
-67200
-68700
-68700
-69600
-69600
-69600
-71700
-71700
-72000
-72000
-72000
-23900
-23900
-23900
-26300
-26300
-26300
-28700
-28700
-28700
-31100
-31100
-31100
-33600
-33600
-33600
-36000
-36000
-36000
-38400
-38400
-38400
-40800
-40800
-40800
-43200
-43200
-43200
-45600
-45600
-45600
-48000
-48000
-48000
-50400
-50400
-50400
-52800
-52800
-52800
-55200
-55200
-55200
-57600
-57600
-57600
-60000
-60000
-60000
-62400
-62400
-62400
-64800
-64800
-64800
-67200
-67200
-67200
-69600
-69600
-69600
-72000
-72000
-72000
-26400
-26400
-29500
-29500
-32500
-32500
-35500
-35500
-38500
-38500
-41500
-41500
-44500
-44500
-47600
-47600
-50600
-50600
-53600
-53600
-56600
-56600
-59600
-59600
-62600
-62600
-65700
-65700
-68700
-68700
-71700
-71700
-23900
-23900
-23900
-26300
-26300
-26300
-28700
-28700
-28700
-31100
-31100
-31100
-33600
-33600
-33600
-36000
-36000
-36000
-38400
-38400
-38400
-40800
-40800
-40800
-43200
-43200
-43200
-45600
-45600
-45600
-48000
-48000
-48000
-50400
-50400
-50400
-52800
-52800
-52800
-55200
-55200
-55200
-57600
-57600
-57600
-60000
-60000
-60000
-62400
-62400
-62400
-64800
-64800
-64800
-67200
-67200
-67200
-69600
-69600
-69600
-72000
-72000
-72000
-26400
-26400
-29500
-29500
-32500
-32500
-35500
-35500
-38500
-38500
-41500
-41500
-44500
-44500
-47600
-47600
-50600
-50600
-53600
-53600
-56600
-56600
-59600
-59600
-62600
-62600
-65700
-65700
-68700
-68700
-71700
-71700
-23900
-23900
-23900
-26300
-26300
-26300
-28700
-28700
-28700
-31100
-31100
-31100
-33600
-33600
-33600
-36000
-36000
-36000
-38400
-38400
-38400
-40800
-40800
-40800
-43200
-43200
-43200
-45600
-45600
-45600
-48000
-48000
-48000
-50400
-50400
-50400
-52800
-52800
-52800
-55200
-55200
-55200
-57600
-57600
-57600
-60000
-60000
-60000
-62400
-62400
-62400
-64800
-64800
-64800
-67200
-67200
-67200
-69600
-69600
-69600
-72000
-72000
-72000
-26400
-26400
-29500
-29500
-32500
-32500
-35500
-35500
-38500
-38500
-41500
-41500
-44500
-44500
-47600
-47600
-50600
-50600
-53600
-53600
-56600
-56600
-59600
-59600
-62600
-62600
-65700
-65700
-68700
-68700
-71700
-71700
-23900
-23900
-23900
-26300
-26300
-26300
-28700
-28700
-28700
-31100
-31100
-31100
-33600
-33600
-33600
-36000
-36000
-36000
-38400
-38400
-38400
-40800
-40800
-40800
-43200
-43200
-43200
-45600
-45600
-45600
-48000
-48000
-48000
-50400
-50400
-50400
-52800
-52800
-52800
-55200
-55200
-55200
-57600
-57600
-57600
-60000
-60000
-60000
-62400
-62400
-62400
-64800
-64800
-64800
-67200
-67200
-67200
-69600
-69600
-69600
-72000
-72000
-72000
-23900
-23900
-23900
-26300
-26300
-26300
-26400
-26400
-28700
-28700
-28700
-29500
-29500
-31100
-31100
-31100
-32500
-32500
-33600
-33600
-33600
-35500
-35500
-36000
-36000
-36000
-38400
-38400
-38400
-38500
-38500
-40800
-40800
-40800
-41500
-41500
-43200
-43200
-43200
-44500
-44500
-45600
-45600
-45600
-47600
-47600
-48000
-48000
-48000
-50400
-50400
-50400
-50600
-50600
-52800
-52800
-52800
-53600
-53600
-55200
-55200
-55200
-56600
-56600
-57600
-57600
-57600
-59600
-59600
-60000
-60000
-60000
-62400
-62400
-62400
-62600
-62600
-64800
-64800
-64800
-65700
-65700
-67200
-67200
-67200
-68700
-68700
-69600
-69600
-69600
-71700
-71700
-72000
-72000
-72000
-23900
-23900
-23900
-26300
-26300
-26300
-28700
-28700
-28700
-31100
-31100
-31100
-33600
-33600
-33600
-36000
-36000
-36000
-38400
-38400
-38400
-40800
-40800
-40800
-43200
-43200
-43200
-45600
-45600
-45600
-48000
-48000
-48000
-50400
-50400
-50400
-52800
-52800
-52800
-55200
-55200
-55200
-57600
-57600
-57600
-60000
-60000
-60000
-62400
-62400
-62400
-64800
-64800
-64800
-67200
-67200
-67200
-69600
-69600
-69600
-72000
-72000
-72000
-26400
-26400
-29500
-29500
-32500
-32500
-35500
-35500
-38500
-38500
-41500
-41500
-44500
-44500
-47600
-47600
-50600
-50600
-53600
-53600
-56600
-56600
-59600
-59600
-62600
-62600
-65700
-65700
-68700
-68700
-71700
-71700
-23900
-23900
-23900
-26300
-26300
-26300
-28700
-28700
-28700
-31100
-31100
-31100
-33600
-33600
-33600
-36000
-36000
-36000
-38400
-38400
-38400
-40800
-40800
-40800
-43200
-43200
-43200
-45600
-45600
-45600
-48000
-48000
-48000
-50400
-50400
-50400
-52800
-52800
-52800
-55200
-55200
-55200
-57600
-57600
-57600
-60000
-60000
-60000
-62400
-62400
-62400
-64800
-64800
-64800
-67200
-67200
-67200
-69600
-69600
-69600
-72000
-72000
-72000
-26400
-26400
-29500
-29500
-32500
-32500
-35500
-35500
-38500
-38500
-41500
-41500
-44500
-44500
-47600
-47600
-50600
-50600
-53600
-53600
-56600
-56600
-59600
-59600
-62600
-62600
-65700
-65700
-68700
-68700
-71700
-71700
-23900
-23900
-23900
-26300
-26300
-26300
-28700
-28700
-28700
-31100
-31100
-31100
-33600
-33600
-33600
-36000
-36000
-36000
-38400
-38400
-38400
-40800
-40800
-40800
-43200
-43200
-43200
-45600
-45600
-45600
-48000
-48000
-48000
-50400
-50400
-50400
-52800
-52800
-52800
-55200
-55200
-55200
-57600
-57600
-57600
-60000
-60000
-60000
-62400
-62400
-62400
-64800
-64800
-64800
-67200
-67200
-67200
-69600
-69600
-69600
-72000
-72000
-72000
-26400
-26400
-29500
-29500
-32500
-32500
-35500
-35500
-38500
-38500
-41500
-41500
-44500
-44500
-47600
-47600
-50600
-50600
-53600
-53600
-56600
-56600
-59600
-59600
-62600
-62600
-65700
-65700
-68700
-68700
-71700
-71700
-23900
-23900
-23900
-26300
-26300
-26300
-28700
-28700
-28700
-31100
-31100
-31100
-33600
-33600
-33600
-36000
-36000
-36000
-38400
-38400
-38400
-40800
-40800
-40800
-43200
-43200
-43200
-45600
-45600
-45600
-48000
-48000
-48000
-50400
-50400
-50400
-52800
-52800
-52800
-55200
-55200
-55200
-57600
-57600
-57600
-60000
-60000
-60000
-62400
-62400
-62400
-64800
-64800
-64800
-67200
-67200
-67200
-69600
-69600
-69600
-72000
-72000
-72000
-23900
-23900
-23900
-26300
-26300
-26300
-28700
-28700
-28700
-31100
-31100
-31100
-33600
-33600
-33600
-36000
-36000
-36000
-38400
-38400
-38400
-40800
-40800
-40800
-43200
-43200
-43200
-45600
-45600
-45600
-48000
-48000
-48000
-50400
-50400
-50400
-52800
-52800
-52800
-55200
-55200
-55200
-57600
-57600
-57600
-60000
-60000
-60000
-62400
-62400
-62400
-64800
-64800
-64800
-67200
-67200
-67200
-69600
-69600
-69600
-72000
-72000
-72000
-26400
-26400
-29500
-29500
-32500
-32500
-35500
-35500
-38500
-38500
-41500
-41500
-44500
-44500
-47600
-47600
-50600
-50600
-53600
-53600
-56600
-56600
-59600
-59600
-62600
-62600
-65700
-65700
-68700
-68700
-71700
-71700
-23900
-23900
-23900
-26300
-26300
-26300
-28700
-28700
-28700
-31100
-31100
-31100
-33600
-33600
-33600
-36000
-36000
-36000
-38400
-38400
-38400
-40800
-40800
-40800
-43200
-43200
-43200
-45600
-45600
-45600
-48000
-48000
-48000
-50400
-50400
-50400
-52800
-52800
-52800
-55200
-55200
-55200
-57600
-57600
-57600
-60000
-60000
-60000
-62400
-62400
-62400
-64800
-64800
-64800
-67200
-67200
-67200
-69600
-69600
-69600
-72000
-72000
-72000
-26400
-26400
-29500
-29500
-32500
-32500
-35500
-35500
-38500
-38500
-41500
-41500
-44500
-44500
-47600
-47600
-50600
-50600
-53600
-53600
-56600
-56600
-59600
-59600
-62600
-62600
-65700
-65700
-68700
-68700
-71700
-71700
-23900
-23900
-23900
-26300
-26300
-26300
-28700
-28700
-28700
-31100
-31100
-31100
-33600
-33600
-33600
-36000
-36000
-36000
-38400
-38400
-38400
-40800
-40800
-40800
-43200
-43200
-43200
-45600
-45600
-45600
-48000
-48000
-48000
-50400
-50400
-50400
-52800
-52800
-52800
-55200
-55200
-55200
-57600
-57600
-57600
-60000
-60000
-60000
-62400
-62400
-62400
-64800
-64800
-64800
-67200
-67200
-67200
-69600
-69600
-69600
-72000
-72000
-72000
-26400
-26400
-29500
-29500
-32500
-32500
-35500
-35500
-38500
-38500
-41500
-41500
-44500
-44500
-47600
-47600
-50600
-50600
-53600
-53600
-56600
-56600
-59600
-59600
-62600
-62600
-65700
-65700
-68700
-68700
-71700
-71700