94
163
82
134
99
137
0
92
22
30
44
100
0
58
84
139
92
158
51
96
0
0
0
28
59
93
232
348
532
671
826
879
206
295
380
222
269
315
201
216
222
202
209
199
205
231
234
178
269
346
114
252
329
141
219
231
11
21
16
59
65
65
127
149
151
177
212
237
151
192
235
25
44
88
0
0
0
0
0
0
167
252
330
358
428
504
598
677
678
769
819
846
928
945
958
166
254
349
238
309
375
110
180
265
325
379
126
221
276
346
395
120
209
278
371
413
77
148
216
316
386
121
232
332
0
0
81
154
190
1
21
0
0
0
0
0
0
0
0
13
17
57
73
90
168
193
208
76
136
228
246
259
80
148
119
173
221
0
0
0
0
0
0
0
42
75
101
251
285
327
126
208
461
518
570
322
476
675
712
739
606
745
817
851
869
870
915
943
957
968
159
229
328
228
317
393
274
344
416
249
328
430
254
362
439
248
339
425
265
331
392
301
348
384
257
319
327
151
183
174
124
171
173
118
116
105
252
255
247
316
349
363
299
354
415
311
364
418
384
461
519
545
601
643
715
748
775
865
875
890
964
965
967
92
170
98
175
54
137
67
112
160
248
169
281
110
193
0
61
36
71
143
223
150
245
144
270
229
332
384
556
660
794
900
947
168
236
325
214
296
380
220
300
379
177
307
377
176
275
370
156
252
352
203
278
365
314
357
443
433
487
529
376
423
450
208
234
229
0
0
0
36
16
56
295
331
354
405
465
525
430
525
597
516
602
654
622
683
710
740
778
797
879
891
903
969
970
974
77
144
54
108
0
31
0
32
0
0
134
175
189
307
135
255
85
131
85
152
192
319
221
360
329
456
456
596
685
800
918
951
188
259
304
203
264
334
159
231
328
109
222
305
102
203
292
81
152
237
30
53
170
0
0
195
212
269
293
338
387
412
369
373
400
309
335
328
292
319
338
359
403
454
445
521
587
499
585
647
578
644
686
671
709
736
762
800
825
889
899
911
968
972
977
73
130
52
96
22
26
29
56
10
10
0
0
0
0
132
228
221
335
199
310
226
350
297
402
380
501
464
609
688
806
889
927
160
206
242
180
235
298
163
225
297
152
221
281
113
185
248
87
124
183
28
44
91
0
0
0
0
0
0
0
0
0
266
308
298
338
389
403
369
419
472
392
469
521
466
546
595
514
600
654
576
658
707
681
732
768
768
813
839
871
890
913
960
975
976
129
157
205
143
186
266
53
102
119
166
228
10
52
116
164
203
13
60
114
151
208
45
87
111
147
196
111
128
171
49
90
0
0
0
0
0
0
0
0
0
0
6
4
5
0
34
78
98
99
148
162
167
80
112
221
268
287
133
201
315
373
456
199
314
420
496
545
288
405
496
583
639
578
666
715
347
484
691
744
783
476
622
765
818
855
668
769
856
895
919
870
931
961
968
978
150
194
271
110
160
240
26
49
133
20
15
108
52
88
133
73
99
143
112
167
179
213
273
319
34
29
42
15
21
16
0
0
0
0
0
0
78
120
133
252
304
336
380
455
497
486
577
623
587
664
706
679
726
772
763
806
841
877
902
916
972
978
979
36
70
0
0
7
12
17
32
0
0
100
136
0
45
0
0
0
0
59
106
176
273
281
398
362
494
470
605
683
797
906
953
175
250
329
127
197
281
58
63
164
48
13
136
69
101
146
9
28
54
0
0
0
0
0
0
73
109
132
7
5
8
0
0
0
23
33
37
128
150
173
264
312
349
365
437
486
467
534
588
554
622
662
640
701
743
753
805
837
894
909
923
970
976
980
24
50
0
23
40
73
18
44
0
0
4
9
17
27
0
37
25
41
104
167
166
257
222
333
321
449
459
607
648
785
901
935
204
296
402
131
256
376
109
248
331
128
226
309
141
210
277
126
170
244
3
0
0
50
78
117
91
127
180
18
34
66
0
0
0
80
102
133
188
220
251
260
305
345
306
344
365
370
418
488
490
562
614
635
677
711
727
780
811
866
886
900
957
960
971
0
55
1
32
0
0
73
112
124
187
85
150
10
26
0
5
64
116
97
165
91
128
161
242
283
390
444
583
650
765
853
908
249
358
467
169
285
400
133
250
369
82
191
337
120
255
400
171
322
455
248
358
482
229
315
394
153
250
326
0
161
257
103
167
197
183
216
256
204
240
307
103
189
289
124
223
337
286
333
412
447
495
556
616
648
687
740
774
796
844
877
897
956
960
975
219
342
450
195
309
425
200
313
374
165
267
404
145
304
461
155
296
481
134
290
476
70
214
403
148
278
426
156
268
433
183
290
417
226
287
373
165
233
337
0
158
322
50
192
346
254
303
408
444
494
540
605
657
691
746
778
802
868
881
899
964
969
976
0
56
57
121
50
81
7
32
0
1
31
62
0
20
54
110
107
176
26
61
0
0
97
167
255
382
453
573
695
788
891
937
119
299
429
174
319
436
278
377
479
304
405
511
290
401
524
236
352
502
124
271
466
0
220
445
142
298
477
221
357
505
259
366
491
245
350
458
154
285
399
177
291
420
213
315
416
360
411
469
505
572
620
622
689
721
729
785
817
873
890
908
968
972
978
21
57
114
209
132
237
113
199
68
107
0
24
0
57
95
181
61
143
0
7
46
95
179
276
296
443
459
593
675
793
905
941
204
269
292
238
296
301
273
312
385
330
430
509
360
463
583
358
479
599
379
450
572
369
443
514
272
423
529
252
402
526
284
415
530
195
363
492
175
342
470
182
318
466
279
379
473
435
514
587
561
621
687
656
705
745
759
803
835
876
897
917
967
974
982
75
119
122
186
162
259
166
268
127
251
130
189
102
187
96
191
1
32
0
58
108
197
213
346
333
465
477
608
680
805
873
93
