5
9
-3
-8
-2
-14
0
-10
8
17
9
34
0
10
-1
-2
-1
0
-2
-5
0
0
0
-4
12
39
49
110
122
184
331
264
44
43
37
15
10
3
-10
-18
-26
-21
-25
-26
-23
-14
-6
-23
-13
4
17
34
32
66
66
44
3
5
2
4
4
5
-1
6
17
4
12
21
-2
0
7
-11
-11
-6
0
0
0
0
0
0
94
127
128
146
175
178
172
207
203
232
228
212
150
125
112
47
52
47
17
17
12
4
10
-15
-19
-23
-7
-17
-30
-35
-36
-9
-23
-30
-31
-28
-8
-20
-25
-22
-15
0
16
25
0
0
36
40
29
1
13
0
0
0
0
0
0
0
0
1
4
9
13
20
16
20
22
3
10
15
19
25
1
7
11
18
30
0
0
0
0
0
0
0
19
27
29
97
117
125
22
62
137
161
174
48
104
166
189
189
138
201
238
212
202
277
259
158
97
104
46
49
44
12
14
11
-22
-24
-25
-34
-36
-36
-16
-20
-23
18
13
2
48
56
52
59
73
60
18
32
31
-3
0
4
10
11
9
14
6
-7
12
21
32
13
35
59
12
29
50
37
47
71
85
108
125
116
139
153
152
169
165
239
196
179
161
104
84
2
4
-9
-20
-11
-26
12
22
18
46
7
26
-3
-4
0
-6
7
12
-2
0
-1
0
7
21
26
54
41
89
154
205
294
237
32
35
34
1
1
-1
-30
-30
-28
-34
-33
-31
-12
-15
-18
15
13
2
62
59
44
67
87
91
32
57
70
-3
7
18
17
10
-2
0
0
0
3
5
34
21
45
80
32
53
82
51
74
98
82
105
120
100
121
125
133
146
146
234
190
178
158
124
105
-2
-5
-10
-27
0
-3
0
-2
0
0
1
10
3
3
3
13
3
5
-2
5
6
21
13
31
30
56
42
76
160
187
306
239
17
19
26
-12
-12
-10
-35
-39
-34
-27
-28
-28
3
-4
-13
-8
-11
-17
-1
-10
-9
0
0
60
13
32
43
4
12
18
19
15
16
14
25
35
19
44
72
40
64
94
51
74
101
62
85
107
79
97
107
90
104
109
127
139
138
232
194
175
148
102
102
-5
-13
-6
-24
-1
-2
0
1
-3
-8
0
0
0
0
2
11
6
15
4
15
12
32
23
40
31
51
38
64
149
184
319
262
5
5
13
-22
-24
-23
-37
-41
-34
-13
-14
-15
15
6
-1
-4
-11
-17
-18
-28
-34
0
0
0
0
0
0
0
0
0
17
21
24
22
35
49
26
49
75
46
68
94
57
83
104
66
87
103
69
88
102
80
99
108
120
138
138
228
212
167
157
123
110
-5
-1
11
-28
-28
-34
-9
-20
-38
-38
-36
-9
-24
5
0
-2
9
24
25
24
21
2
7
5
6
3
-15
-18
-16
0
-7
0
0
0
0
0
0
0
0
0
0
-1
0
0
0
3
4
6
6
8
14
20
2
3
15
33
52
0
8
39
61
94
11
32
56
80
100
21
43
66
87
104
69
90
102
27
47
77
100
109
33
61
115
141
147
120
155
194
188
178
285
221
155
104
99
-13
-7
1
-34
-39
-46
-17
-26
-40
4
3
16
26
38
45
8
14
18
-7
-12
-8
-26
-31
-37
-8
-7
-10
-2
-3
-6
0
0
0
0
0
0
16
28
45
41
62
85
54
81
102
71
94
106
75
96
106
76
98
112
121
137
142
228
201
174
173
138
117
-10
-25
0
0
4
12
1
4
0
0
-11
-30
0
-12
0
0
0
0
3
14
10
27
25
49
32
55
31
58
151
193
342
267
-27
-28
-21
-50
-54
-48
-8
-10
-22
22
8
38
29
43
53
2
5
14
0
0
0
0
0
0
-43
-66
-92
-5
-4
-9
0
0
0
10
19
34
30
48
69
43
68
93
57
85
107
74
94
110
76
96
107
80
100
110
122
147
147
245
213
186
170
142
131
-14
-35
0
4
8
23
-1
2
0
0
-3
-8
-11
-25
0
1
3
12
5
17
10
26
19
41
26
50
36
66
139
187
310
233
-49
-55
-46
-42
-46
-44
3
-1
-8
29
31
34
19
27
34
0
-2
2
0
0
0
-12
-19
-31
-73
-96
-118
-32
-51
-76
0
0
0
21
39
63
32
49
66
35
58
75
57
73
84
71
90
107
80
101
114
84
107
114
113
138
137
209
191
169
150
124
127
0
-19
5
10
0
0
2
2
-1
9
-14
-36
-13
-32
0
1
3
12
0
3
6
20
18
44
24
48
35
65
126
165
316
231
-72
-71
-63
-23
-27
-31
19
11
2
-1
11
21
9
10
18
-9
-13
-19
9
-10
-42
-27
-37
-53
-85
-102
-104
0
-30
-52
42
51
44
37
52
61
7
15
38
0
13
34
41
66
85
76
101
116
78
106
121
89
110
119
121
143
139
210
191
170
147
94
71
-69
-66
-59
4
6
1
56
52
36
13
21
29
-12
-7
-2
-16
-25
-48
-7
-40
-67
-9
-21
-39
-31
-26
-32
16
14
10
68
73
61
25
26
36
-28
-20
0
0
-9
17
36
71
85
81
106
123
84
107
125
91
114
121
128
139
138
226
187
177
161
138
109
0
4
13
36
-4
-6
-2
-7
0
0
-9
-27
0
-1
14
43
3
10
-6
-20
0
0
16
46
23
55
41
70
149
179
298
247
-17
-23
-28
57
55
42
74
78
66
20
25
33
-22
-27
-26
-38
-53
-70
-38
-68
-87
0
-8
-24
12
27
20
57
50
41
46
44
41
-18
-9
3
-29
-18
-1
25
33
49
86
104
114
103
122
140
90
122
130
90
112
120
119
140
139
234
199
175
157
123
115
15
47
18
41
-2
-3
-11
-27
-8
-19
0
-7
0
25
14
34
-8
-24
0
-1
19
49
31
70
27
63
39
68
147
182
321
254
17
9
-9
78
58
33
51
52
61
17
23
30
-22
-36
-26
-56
-76
-91
-83
-91
-98
-66
-54
-41
5
6
16
45
45
38
0
3
15
-41
-23
-5
4
16
29
62
73
81
94
116
130
105
128
146
97
115
127
87
109
115
121
142
143
224
193
178
150
130
104
15
34
8
21
-1
-2
-15
-32
-26
-65
0
-12
7
27
-3
-6
-2
-17
0
29
21
58
28
68
33
61
37
64
139
187
344
278