-26209
-23183
-20157
-17130
-14104
-11078
-8051
-5025
-1999
1028
4054
7080
10107
13133
16159
19185
22212
25238
28264
31291
34317
37343
40370
43396
46422
49448
52475
55501
58527
61554
64580
67606
70633
73659
76685
79712
82738
85764
88790
91817
94843
97869
100896
103922
106948
109975
113001
-26209
-23183
-20157
-17130
-14104
-11078
-8051
-5025
-1999
1028
4054
7080
10107
13133
16159
19185
22212
25238
28264
31291
34317
37343
40370
43396
46422
49448
52475
55501
58527
61554
64580
67606
70633
73659
76685
79712
82738
85764
88790
91817
94843
97869
100896
103922
106948
109975
113001
-26209
-23183
-20157
-17130
-14104
-11078
-8051
-5025
-1999
1028
4054
7080
10107
13133
16159
19185
22212
25238
28264
31291
34317
37343
40370
43396
46422
49448
52475
55501
58527
61554
64580
67606
70633
73659
76685
79712
82738
85764
88790
91817
94843
97869
100896
103922
106948
109975
113001
-26209
-23183
-20157
-17130
-14104
-11078
-8051
-5025
-1999
1028
4054
7080
10107
13133
16159
19185
22212
25238
28264
31291
34317
37343
40370
43396
46422
49448
52475
55501
58527
61554
64580
67606
70633
73659
76685
79712
82738
85764
88790
91817
94843
97869
100896
103922
106948
109975
113001
-26209
-23183
-20157
-17130
-14104
-11078
-8051
-5025
-1999
1028
4054
7080
10107
13133
16159
19185
22212
25238
28264
31291
34317
37343
40370
43396
46422
49448
52475
55501
58527
61554
64580
67606
70633
73659
76685
79712
82738
85764
88790
91817
94843
97869
100896
103922
106948
109975
113001
-26209
-23183
-20157
-17130
-14104
-11078
-8051
-5025
-1999
1028
4054
7080
10107
13133
16159
19185
22212
25238
28264
31291
34317
37343
40370
43396
46422
49448
52475
55501
58527
61554
64580
67606
70633
73659
76685
79712
82738
85764
88790
91817
94843
97869
100896
103922
106948
109975
113001
-26209
-23183
-20157
-17130
-14104
-11078
-8051
-5025
-1999
1028
4054
7080
10107
13133
16159
19185
22212
25238
28264
31291
34317
37343
40370
43396
46422
49448
52475
55501
58527
61554
64580
67606
70633
73659
76685
79712
82738
85764
88790
91817
94843
97869
100896
103922
106948
109975
113001
-26209
-23183
-20157
-17130
-14104
-11078
-8051
-5025
-1999
1028
4054
7080
10107
13133
16159
19185
22212
25238
28264
31291
34317
37343
40370
43396
46422
49448
52475
55501
58527
61554
64580
67606
70633
73659
76685
79712
82738
85764
88790
91817
94843
97869
100896
103922
106948
109975
113001
-26209
-23183
-20157
-17130
-14104
-11078
-8051
-5025
-1999
1028
4054
7080
10107
13133
16159
19185
22212
25238
28264
31291
34317
37343
40370
43396
46422
49448
52475
55501
58527
61554
64580
67606
70633
73659
76685
79712
82738
85764
88790
91817
94843
97869
100896
103922
106948
109975
113001
-26209
-23183
-20157
-17130
-14104
-11078
-8051
-5025
-1999
1028
4054
7080
10107
13133
16159
19185
22212
25238
28264
31291
34317
37343
40370
43396
46422
49448
52475
55501
58527
61554
64580
67606
70633
73659
76685
79712
82738
85764
88790
91817
94843
97869
100896
103922
106948
109975
113001
-26209
-23183
-20157
-17130
-14104
-11078
-8051
-5025
-1999
1028
4054
7080
10107
13133
16159
19185
22212
25238
28264
31291
34317
37343
40370
43396
46422
49448
52475
55501
58527
61554
64580
67606
70633
73659
76685
79712
82738
85764
88790
91817
94843
97869
100896
103922
106948
109975
113001
-26209
-23183
-20157
-17130
-14104
-11078
-8051
-5025
-1999
1028
4054
7080
10107
13133
16159
19185
22212
25238
28264
31291
34317
37343
40370
43396
46422
49448
52475
55501
58527
61554
64580
67606
70633
73659
76685
79712
82738
85764
88790
91817
94843
97869
100896
103922
106948
109975
113001
-26209
-23183
-20157
-17130
-14104
-11078
-8051
-5025
-1999
1028
4054
7080
10107
13133
16159
19185
22212
25238
28264
31291
34317
37343
40370
43396
46422
49448
52475
55501
58527
61554
64580
67606
70633
73659
76685
79712
82738
85764
88790
91817
94843
97869
100896
103922
106948
109975
113001
-26209
-23183
-20157
-17130
-14104
-11078
-8051
-5025
-1999
1028
4054
7080
10107
13133
16159
19185
22212
25238
28264
31291
34317
37343
40370
43396
46422
49448
52475
55501
58527
61554
64580
67606
70633
73659
76685
79712
82738
85764
88790
91817
94843
97869
100896
103922
106948
109975
113001
-26209
-23183
-20157
-17130
-14104
-11078
-8051
-5025
-1999
1028
4054
7080
10107
13133
16159
19185
22212
25238
28264
31291
34317
37343
40370
43396
46422
49448
52475
55501
58527
61554
64580
67606
70633
73659
76685
79712
82738
85764
88790
91817
94843
97869
100896
103922
106948
109975
113001
-26209
-23183
-20157
-17130
-14104
-11078
-8051
-5025
-1999
1028
4054
7080
10107
13133
16159
19185
22212
25238
28264
31291
34317
37343
40370
43396
46422
49448
52475
55501
58527
61554
64580
67606
70633
73659
76685
79712
82738
85764
88790
91817
94843
97869
100896
103922
106948
109975
113001
-26209
-23183
-20157
-17130
-14104
-11078
-8051
-5025
-1999
1028
4054
7080
10107
13133
16159
19185
22212
25238
28264
31291
34317
37343
40370
43396
46422
49448
52475
55501
58527
61554
64580
67606
70633
73659
76685
79712
82738
85764
88790
91817
94843
97869
100896
103922
106948
109975
113001
-26209
-23183
-20157
-17130
-14104
-11078
-8051
-5025
-1999
1028
4054
7080
10107
13133
16159
19185
22212
25238
28264
31291
34317
37343
40370
43396
46422
49448
52475
55501
58527
61554
64580
67606
70633
73659
76685
79712
82738
85764
88790
91817
94843
97869
100896
103922
106948
109975
113001
-26209
-23183
-20157
-17130
-14104
-11078
-8051
-5025
-1999
1028
4054
7080
10107
13133
16159
19185
22212
25238
28264
31291
34317
37343
40370
43396
46422
49448
52475
55501
58527
61554
64580
67606
70633
73659
76685
79712
82738
85764
88790
91817
94843
97869
100896
103922
106948
109975
113001
-26209
-23183
-20157
-17130
-14104
-11078
-8051
-5025
-1999
1028
4054
7080
10107
13133
16159
19185
22212
25238
28264
31291
34317
37343
40370
43396
46422
49448
52475
55501
58527
61554
64580
67606
70633
73659
76685
79712
82738
85764
88790
91817
94843
97869
100896
103922
106948
109975
113001
-26209
-23183
-20157
-17130
-14104
-11078
-8051
-5025
-1999
1028
4054
7080
10107
13133
16159
19185
22212
25238
28264
31291
34317
37343
40370
43396
46422
49448
52475
55501
58527
61554
64580
67606
70633
73659
76685
79712
82738
85764
88790
91817
94843
97869
100896
103922
106948
109975
113001
-26209
-23183
-20157
-17130
-14104
-11078
-8051
-5025
-1999
1028
4054
7080
10107
13133
16159
19185
22212
25238
28264
31291
34317
37343
40370
43396
46422
49448
52475
55501
58527
61554
64580
67606
70633
73659
76685
79712
82738
85764
88790
91817
94843
97869
100896
103922
106948
109975
113001
-26209
-23183
-20157
-17130
-14104
-11078
-8051
-5025
-1999
1028
4054
7080
10107
13133
16159
19185
22212
25238
28264
31291
34317
37343
40370
43396
46422
49448
52475
55501
58527
61554
64580
67606
70633
73659
76685
79712
82738
85764
88790
91817
94843
97869
100896
103922
106948
109975
113001
-26209
-23183
-20157
-17130
-14104
-11078
-8051
-5025
-1999
1028
4054
7080
10107
13133
16159
19185
22212
25238
28264
31291
34317
37343
40370
43396
46422
49448
52475
55501
58527
61554
64580
67606
70633
73659
76685
79712
82738
85764
88790
91817
94843
97869
100896
103922
106948
109975
113001
-26209
-23183
-20157
-17130
-14104
-11078
-8051
-5025
-1999
1028
4054
7080
10107
13133
16159
19185
22212
25238
28264
31291
34317
37343
40370
43396
46422
49448
52475
55501
58527
61554
64580
67606
70633
73659
76685
79712
82738
85764
88790
91817
94843
97869
100896
103922
106948
109975
113001
-26209
-23183
-20157
-17130
-14104
-11078
-8051
-5025
-1999
1028
4054
7080
10107
13133
16159
19185
22212
25238
28264
31291
34317
37343
40370
43396
46422
49448
52475
55501
58527
61554
64580
67606
70633
73659
76685
79712
82738
85764
88790
91817
94843
97869
100896
103922
106948
109975
113001
-26209
-23183
-20157
-17130
-14104
-11078
-8051
-5025
-1999
1028
4054
7080
10107
13133
16159
19185
22212
25238
28264
31291
34317
37343
40370
43396
46422
49448
52475
55501
58527
61554
64580
67606
70633
73659
76685
79712
82738
85764
88790
91817
94843
97869
100896
103922
106948
109975
113001
-26209
-23183
-20157
-17130
-14104
-11078
-8051
-5025
-1999
1028
4054
7080
10107
13133
16159
19185
22212
25238
28264
31291
34317
37343
40370
43396
46422
49448
52475
55501
58527
61554
64580
67606
70633
73659
76685
79712
82738
85764
88790
91817
94843
97869
100896
103922
106948
109975
113001
-26209
-23183
-20157
-17130
-14104
-11078
-8051
-5025
-1999
1028
4054
7080
10107
13133
16159
19185
22212
25238
28264
31291
34317
37343
40370
43396
46422
49448
52475
55501
58527
61554
64580
67606
70633
73659
76685
79712
82738
85764
88790
91817
94843
97869
100896
103922
106948
109975
113001
-26209
-23183
-20157
-17130
-14104
-11078
-8051
-5025
-1999
1028
4054
7080
10107
13133
16159
19185
22212
25238
28264
31291
34317
37343
40370
43396
46422
49448
52475
55501
58527
61554
64580
67606
70633
73659
76685
79712
82738
85764
88790
91817
94843
97869
100896
103922
106948
109975
113001
-26209
-23183
-20157
-17130
-14104
-11078
-8051
-5025
-1999
1028
4054
7080
10107
13133
16159
19185
22212
25238
28264
31291
34317
37343
40370
43396
46422
49448
52475
55501
58527
61554
64580
67606
70633
73659
76685
79712
82738
85764
88790
91817
94843
97869
100896
103922
106948
109975
113001
-26209
-23183
-20157
-17130
-14104
-11078
-8051
-5025
-1999
1028
4054
7080
10107
13133
16159
19185
22212
25238
28264
31291
34317
37343
40370
43396
46422
49448
52475
55501
58527
61554
64580
67606
70633
73659
76685
79712
82738
85764
88790
91817
94843
97869
100896
103922
106948
109975
113001
-26209
-23183
-20157
-17130
-14104
-11078
-8051
-5025
-1999
1028
4054
7080
10107
13133
16159
19185
22212
25238
28264
31291
34317
37343
40370
43396
46422
49448
52475
55501
58527
61554
64580
67606
70633
73659
76685
79712
82738
85764
88790
91817
94843
97869
100896
103922
106948
109975
113001
-26209
-23183
-20157
-17130
-14104
-11078
-8051
-5025
-1999
1028
4054
7080
10107
13133
16159
19185
22212
25238
28264
31291
34317
37343
40370
43396
46422
49448
52475
55501
58527
61554
64580
67606
70633
73659
76685
79712
82738
85764
88790
91817
94843
97869
100896
103922
106948
109975
113001
-26209
-23183
-20157
-17130
-14104
-11078
-8051
-5025
-1999
1028
4054
7080
10107
13133
16159
19185
22212
25238
28264
31291
34317
37343
40370
43396
46422
49448
52475
55501
58527
61554
64580
67606
70633
73659
76685
79712
82738
85764
88790
91817
94843
97869
100896
103922
106948
109975
113001
-26209
-23183
-20157
-17130
-14104
-11078
-8051
-5025
-1999
1028
4054
7080
10107
13133
16159
19185
22212
25238
28264
31291
34317
37343
40370
43396
46422
49448
52475
55501
58527
61554
64580
67606
70633
73659
76685
79712
82738
85764
88790
91817
94843
97869
100896
103922
106948
109975
113001
-26209
-23183
-20157
-17130
-14104
-11078
-8051
-5025
-1999
1028
4054
7080
10107
13133
16159
19185
22212
25238
28264
31291
34317
37343
40370
43396
46422
49448
52475
55501
58527
61554
64580
67606
70633
73659
76685
79712
82738
85764
88790
91817
94843
97869
100896
103922
106948
109975
113001
-26209
-23183
-20157
-17130
-14104
-11078
-8051
-5025
-1999
1028
4054
7080
10107
13133
16159
19185
22212
25238
28264
31291
34317
37343
40370
43396
46422
49448
52475
55501
58527
61554
64580
67606
70633
73659
76685
79712
82738
85764
88790
91817
94843
97869
100896
103922
106948
109975
113001
-26209
-23183
-20157
-17130
-14104
-11078
-8051
-5025
-1999
1028
4054
7080
10107
13133
16159
19185
22212
25238
28264
31291
34317
37343
40370
43396
46422
49448
52475
55501
58527
61554
64580
67606
70633
73659
76685
79712
82738
85764
88790
91817
94843
97869
100896
103922
106948
109975
113001
-26209
-23183
-20157
-17130
-14104
-11078
-8051
-5025
-1999
1028
4054
7080
10107
13133
16159
19185
22212
25238
28264
31291
34317
37343
40370
43396
46422
49448
52475
55501
58527
61554
64580
67606
70633
73659
76685
79712
82738
85764
88790
91817
94843
97869
100896
103922
106948
109975
113001
-26209
-23183
-20157
-17130
-14104
-11078
-8051
-5025
-1999
1028
4054
7080
10107
13133
16159
19185
22212
25238
28264
31291
34317
37343
40370
43396
46422
49448
52475
55501
58527
61554
64580
67606
70633
73659
76685
79712
82738
85764
88790
91817
94843
97869
100896
103922
106948
109975
113001
-26209
-23183
-20157
-17130
-14104
-11078
-8051
-5025
-1999
1028
4054
7080
10107
13133
16159
19185
22212
25238
28264
31291
34317
37343
40370
43396
46422
49448
52475
55501
58527
61554
64580
67606
70633
73659
76685
79712
82738
85764
88790
91817
94843
97869
100896
103922
106948
109975
113001
-26209
-23183
-20157
-17130
-14104
-11078
-8051
-5025
-1999
1028
4054
7080
10107
13133
16159
19185
22212
25238
28264
31291
34317
37343
40370
43396
46422
49448
52475
55501
58527
61554
64580
67606
70633
73659
76685
79712
82738
85764
88790
91817
94843
97869
100896
103922
106948
109975
113001
-26209
-23183
-20157
-17130
-14104
-11078
-8051
-5025
-1999
1028
4054
7080
10107
13133
16159
19185
22212
25238
28264
31291
34317
37343
40370
43396
46422
49448
52475
55501
58527
61554
64580
67606
70633
73659
76685
79712
82738
85764
88790
91817
94843
97869
100896
103922
106948
109975
113001
-26209
-23183
-20157
-17130
-14104
-11078
-8051
-5025
-1999
1028
4054
7080
10107
13133
16159
19185
22212
25238
28264
31291
34317
37343
40370
43396
46422
49448
52475
55501
58527
61554
64580
67606
70633
73659
76685
79712
82738
85764
88790
91817
94843
97869
100896
103922
106948
109975
113001
-26209
-23183
-20157
-17130
-14104
-11078
-8051
-5025
-1999
1028
4054
7080
10107
13133
16159
19185
22212
25238
28264
31291
34317
37343
40370
43396
46422
49448
52475
55501
58527
61554
64580
67606
70633
73659
76685
79712
82738
85764
88790
91817
94843
97869
100896
103922
106948
109975
113001
-26209
-23183
-20157
-17130
-14104
-11078
-8051
-5025
-1999
1028
4054
7080
10107
13133
16159
19185
22212
25238
28264
31291
34317
37343
40370
43396
46422
49448
52475
55501
58527
61554
64580
67606
70633
73659
76685
79712
82738
85764
88790
91817
94843
97869
100896
103922
106948
109975
113001


