6
-12
-10
-6
-6
-12
-11
-11
-16
-20
-23
-27
-35
-44
-48
-62
-66
-49
-35
-16
-10
-7
-8
-2
2
-3
-3
0
6
8
10
6
7
3
-4
-3
-1
0
1
2
8
9
9
6
-1
-4
-10
40
49
12
-4
-2
-17
-17
-17
-29
-34
-35
-44
-57
-82
-111
-159
-173
-103
-44
-26
-10
3
6
-8
-16
-5
-8
-2
12
13
11
12
15
8
-5
-15
-6
-4
10
14
16
2
7
3
-17
-44
-48
62
96
61
29
7
-4
-20
-31
-41
-49
-62
-72
-100
-117
-146
-185
-179
-98
-33
1
25
27
12
-9
-30
-32
-20
7
29
29
23
15
13
10
-1
-15
-15
-3
9
19
23
17
10
-7
-30
-68
-81
61
99
71
45
18
-6
-26
-44
-54
-71
-79
-88
-110
-119
-121
-81
-2
-43
-2
22
56
36
0
-22
-35
-48
-29
18
46
39
27
15
9
6
-1
-11
-18
-8
11
29
38
32
21
4
-17
-61
-66
40
77
57
40
20
-5
-32
-48
-73
-86
-103
-103
-104
-103
-88
-39
-15
-30
-15
0
22
-14
-35
-40
-29
-34
-51
16
48
44
16
3
0
-2
-7
-13
-17
-11
14
38
54
52
40
26
8
-30
-44
38
58
37
24
8
-15
-40
-61
-81
-98
-108
-111
-107
-93
-75
-53
-27
-1
0
0
-126
-105
-73
-69
-18
15
-13
0
5
21
3
-17
-13
-8
-14
-17
-17
-11
13
51
71
59
44
48
47
6
-21
25
46
24
7
-7
-28
-43
-65
-90
-104
-118
-122
-108
-83
-58
-38
-26
-25
-80
-186
-209
-39
-63
-84
-9
85
126
27
-2
-16
-16
-52
-9
7
-12
-19
-8
-19
3
51
76
46
22
58
97
51
-4
14
23
11
-4
-19
-38
-52
-62
-90
-97
-117
-120
-105
-79
-53
-28
-36
-74
-124
-104
0
-60
-112
-51
0
38
106
110
44
-5
-58
-80
14
38
1
-8
-2
6
0
0
14
1
-3
25
111
48
4
11
14
3
-14
-30
-46
-62
-78
-84
-98
-111
-107
-92
-83
-44
-5
-15
-64
-75
-6
13
-153
-138
-4
0
-18
0
56
55
15
-9
34
0
-14
-4
0
-12
15
57
67
2
-14
13
0
-23
-19
-15
5
13
-7
-26
-40
-54
-57
-66
-87
-91
-95
-94
-91
-100
-34
39
54
27
-15
0
-60
-147
0
0
33
-23
-9
-12
-5
-20
-5
34
8
-2
-4
-17
-13
31
7
68
89
30
10
12
-47
-62
-33
0
-1
-18
-41
-56
-60
-63
-62
-71
-77
-77
-59
-62
-77
-7
61
106
113
88
2
-101
-85
0
0
-87
-8
16
-26
10
-38
-22
13
37
24
-2
7
0
0
0
0
-40
30
36
10
-47
-52
-27
1
-15
-33
-57
-71
-73
-63
-55
-42
-39
-41
-33
-4
-2
0
-37
74
78
10
0
-47
0
-4
-68
0
0
-53
0
-30
19
23
0
29
30
8
93
130
0
0
-49
-50
18
-10
17
-7
-31
-14
-7
-14
-34
-65
-79
-83
-69
-53
-26
-2
10
-1
0
70
1
0
-24
34
73
19
4
13
1
-25
-19
-70
-53
2
-37
-14
13
0
0
-52
3
0
64
118
11
-26
0
-25
-5
-3
-20
-18
-10
-7
-16
-33
-57
-89
-91
-80
-52
-25
19
56
63
42
31
38
18
-14
0
26
12
24
-1
-5
-25
-18
-36
0
-21
-67
-40
12
15
-72
7
-20
0
0
-23
-5
18
-2
-26
0
-25
-26
-13
-9
-5
-15
-36
-54
-71
-79
-64
-55
-18
-3
55
79
69
81
119
98
55
20
-42
-10
19
24
6
13
0
-6
-9
-67
-66
-43
-1
6
0
-14
27
9
-36
-53
1
-8
-11
9
-12
-41
-23
-3
3
-8
-19
-36
-49
-58
-60
-37
-2
-4
-9
0
29
-4
43
115
116
84
26
-33
-30
6
25
30
43
30
4
-13
-20
-20
-29
23
-11
-6
-15
0
-12
-40
-3
0
-4
-2
-22
-14
-18
-1
8
14
-9
-22
-36
-40
-43
-47
-5
-8
-27
62
10
-1
-4
0
0
17
41
6
-21
-25
5
8
0
30
63
55
27
4
0
17
-41
-14
-6
0
0
-27
15
0
-11
6
-21
-45
-51
-7
49
52
22
-7
-18
-29
-30
-26
-19
0
-25
0
0
55
1
5
0
0
0
8
-27
4
1
-3
-17
-6
0
41
61
58
54
9
-37
-58
1
43
-10
-38
0
3
0
0
-9
-54
-86
-85
21
106
89
40
-4
-10
-20
-24
-19
8
13
-9
0
0
-7
45
6
-1
-13
-3
-44
-19
0
-4
0
-1
30
19
0
0
34
51
20
-52
-52
13
24
17
40
7
-34
12
-2
-56
-76
-76
-38
12
103
79
23
-2
-5
-12
-9
4
12
7
23
43
-16
-17
36
37
-22
-5
-19
-49
-8
-31
0
-3
0
28
50
12
-12
8
44
45
26
0
0
-40
-43
30
55
2
-56
-32
-38
-39
-41
4
0
-47
-26
-7
-8
-11
-6
1
19
23
-6
23
16
0
12
-42
-7
-5
0
-66
-35
-12
7
0
-56
-19
22
80
0
13
-2
18
62
59
-14
-72
-64
-35
0
17
-1
-15
-1
6
-7
-20
0
42
-52
-64
-26
-5
-7
-13
-16
4
29
29
0
-4
6
0
-20
-17
2
-89
-89
-21
5
0
-39
-45
0
0
-2
4
-22
-10
0
51
61
5
0
2
-2
0
-6
-1
-21
18
36
-5
0
0
-30
-75
-70
-31
-2
-1
-25
-21
8
35
39
14
-3
1
-5
0
-6
-16
-65
-77
-10
-2
-36
-29
-14
63
0
-72
-89
-59
-2
12
41
71
45
0
5
-13
-9
-5
-15
4
0
1
40
42
4
-50
-87
-64
-32
4
9
3
-10
2
13
37
33
5
-21
-23
-5
-6
-27
-54
-5
2
8
-53
35
0
0
-50
-123
-79
0
0
8
46
87
51
-2
-20
1
0
-6
0
-19
14
-1
7
0
2
-39
-58
-42
-24
8
11
34
38
0
-4
30
42
21
-3
-3
-1
-3
-4
-13
0
0
-37
0
0
28
-37
-123
-108
-9
-6
-28
52
73
70
50
-3
-6
19
-30
-71
9
35
-10
-26
6
27
7
-7
-19
-25
-15
3
12
28
21
-17
-16
19
36
32
29
33
26
16
9
51
74
-23
-67
74
-3
-57
-102
-124
-48
-3
-33
0
0
7
38
24
-1
-1
0
0
0
0
-15
0
0
5
4
23
24
6
-5
-6
1
0
10
3
-24
-9
7
22
32
41
49
44
46
29
20
40
9
25
-5
-38
-81
-103
-86
-20
-2
18
20
-30
-30
26
43
15
0
32
5
0
0
1
0
-40
11
0
13
35
23
10
3
0
-3
9
11
20
-3
0
-5
20
36
52
63
65
45
6
9
25
24
-3
-40
-65
-62
-27
0
-34
0
8
-13
-4
28
66
44
8
0
17
-12
-28
20
-3
0
0
-16
15
34
27
15
5
0
2
10
14
14
-1
-27
0
-4
15
50
76
84
68
27
-1
0
6
-1
-26
-34
-18
0
-10
-29
1
19
5
-4
38
65
52
25
13
-2
-9
0
6
44
13
-59
-22
0
15
22
13
5
2
2
2
6
-2
-25
-23
-10
-34
-14
41
87
107
95
67
36
24
3
-7
-13
-10
8
-1
-20
0
0
-25
-4
-4
38
71
45
14
3
2
12
-19
-36
7
9
-72
-37
-11
6
20
17
8
2
7
0
2
-9
-29
-6
-14
-14
-18
24
94
130
91
53
34
25
6
-7
-11
-9
5
7
7
45
1
-21
-7
11
1
14
10
0
4
-2
-28
-16
0
0
7
0
0
1
20
30
22
12
1
7
14
6
5
9
0
-13
0
1
0
55
92
49
10
41
11
-4
-16
-21
-12
-2
20
36
0
-10
-14
0
0
-13
-35
-7
-2
2
-2
-18
0
27
-18
-39
4
-23
-30
30
33
24
15
3
7
13
16
19
24
1
-27
33
0
0
0
-19
11
0
-7
-16
-28
-34
-29
-19
-6
9
23
42
-5
34
0
0
-55
-12
5
-4
6
-19
-27
-2
2
-11
-2
10
0
0
21
33
22
9
-1
3
13
19
28
44
51
43
0
-3
5
-10
-36
-1
7
-21
-40
-51
-42
-30
-32
-5
9
0
2
12
7
3
-48
-11
19
6
-11
-5
-3
-27
0
13
-7
-2
0
0
0
-33
22
8
-3
2
-5
6
20
30
39
51
33
-2
-16
0
-9
-30
0
-9
-37
-62
-69
-36
-9
-19
-5
0
24
-46
14
39
43
14
0
14
18
3
-1
0
18
0
-13
0
-14
15
44
2
0
-7
-12
-11
1
1
7
15
22
24
20
13
3
11
-5
-9
-14
8
-20
-54
-78
-95
-52
37
74
0
0
-15
6
0
0
0
14
1
-17
23
22
-28
-3
37
-61
-32
-27
-22
-7
1
35
0
-29
-26
-13
-2
-3
6
10
11
4
-14
-27
-9
20
9
-18
-28
6
-9
-50
-65
-89
-90
42
172
133
24
-1
49
61
16
-34
-26
5
-23
-20
1
2
2
-2
3
-10
-37
0
0
-21
31
38
-37
-40
-16
-1
-1
0
1
-1
-9
-32
-45
-26
22
24
-3
4
-20
-35
-18
-9
-12
0
0
30
77
60
0
18
56
25
-4
-5
-5
-31
-25
1
1
24
34
20
-24
-3
0
0
0
0
-44
-61
-48
-19
-1
2
-2
-6
-8
-6
-8
-32
-11
0
21
-2
-24
-58
-14
31
48
39
15
0
-25
-6
17
32
26
38
32
21
6
-8
-14
-8
4
0
7
54
45
21
48
30
-17
-31
-110
-130
-98
-62
-22
0
2
3
1
-1
-2
1
16
19
0
-43
-34
2
-45
27
49
68
65
13
0
11
0
0
-1
4
22
29
30
18
5
1
6
23
20
2
21
51
48
53
24
-17
-59
-109
-131
-100
-60
-26
3
7
7
11
14
8
-13
-18
0
-1
-22
0
10
23
-9
18
54
82
41
0
-7
20
5
-2
-6
4
13
19
16
14
15
20
36
40
11
15
35
44
32
10
-18
-56
-92
-98
-79
-44
-20
3
12
13
18
28
35
38
26
-1
-26
5
1
0
6
-13
-44
18
106
123
38
-15
8
0
0
-8
-14
-10
1
7
13
25
34
40
39
24
13
19
26
20
3
-20
-44
-60
-61
-47
-26
-16
-1
4
10
19
40
67
85
73
28
8
-2
-3
-1
-4
-9
-17
0
78
97
70
42
-19
-14
-18
-36
-37
-25
-15
-6
5
19
31
38
37
27
13
5
7
4
-4
-17
-30
-31
-32
-22
-15
-10
0
-5
-4
13
39
67
81
76
48
25
4
-3
2
8
16
31
10
-25
23
50
32
-9
-27
-34
-39
-35
-28
-23
-13
-1
11
23
28
29
18
10
3
2
0
-7
-14
-17
-13
-8
-4
-5
-2
-6
-8
-4
12
21
37
49
49
38
23
11
6
7
13
31
48
23
-26
-19
12
12
-4
-19
-22
-25
-24
-26
-23
-11
3
10
14
14
9
4
4
5
6
4
-5
-10
-7
-2
3
3
0
3
-6
-6
5
12
7
7
19
27
18
14
7
7
4
8
26
30
20
-3
-11
-6
1
-2
-6
-8
-14
-16
-15
-14
-6
8
10
6
2
-4
-3
4
6
7
2
-2
-5
-5
-1
2
6
3
2
6
-3
0
8
-1
-1
7
13
3
4
5
1
-1
3
7
8
7
5
3
-3
-3
-4
-3
-1
-5
-7
-6
-3
-2
2
3
2
1
-6
-2
7
5
1
0
-1
0
0
0
0
2
-2
-8