-71697
-71697
-71697
-71697
-71697
-71697
-71697
-71697
-71697
-71697
-71697
-71697
-71697
-71697
-71697
-71697
-71697
-71697
-71697
-71697
-71697
-71697
-71697
-71697
-71697
-71697
-71697
-71697
-71697
-71697
-71697
-71697
-71697
-71697
-71697
-71697
-71697
-71697
-71697
-71697
-71697
-71697
-71697
-71697
-71697
-71697
-71697
-68680
-68680
-68680
-68680
-68680
-68680
-68680
-68680
-68680
-68680
-68680
-68680
-68680
-68680
-68680
-68680
-68680
-68680
-68680
-68680
-68680
-68680
-68680
-68680
-68680
-68680
-68680
-68680
-68680
-68680
-68680
-68680
-68680
-68680
-68680
-68680
-68680
-68680
-68680
-68680
-68680
-68680
-68680
-68680
-68680
-68680
-68680
-65663
-65663
-65663
-65663
-65663
-65663
-65663
-65663
-65663
-65663
-65663
-65663
-65663
-65663
-65663
-65663
-65663
-65663
-65663
-65663
-65663
-65663
-65663
-65663
-65663
-65663
-65663
-65663
-65663
-65663
-65663
-65663
-65663
-65663
-65663
-65663
-65663
-65663
-65663
-65663
-65663
-65663
-65663
-65663
-65663
-65663
-65663
-62646
-62646
-62646
-62646
-62646
-62646
-62646
-62646
-62646
-62646
-62646
-62646
-62646
-62646
-62646
-62646
-62646
-62646
-62646
-62646
-62646
-62646
-62646
-62646
-62646
-62646
-62646
-62646
-62646
-62646
-62646
-62646
-62646
-62646
-62646
-62646
-62646
-62646
-62646
-62646
-62646
-62646
-62646
-62646
-62646
-62646
-62646
-59629
-59629
-59629
-59629
-59629
-59629
-59629
-59629
-59629
-59629
-59629
-59629
-59629
-59629
-59629
-59629
-59629
-59629
-59629
-59629
-59629
-59629
-59629
-59629
-59629
-59629
-59629
-59629
-59629
-59629
-59629
-59629
-59629
-59629
-59629
-59629
-59629
-59629
-59629
-59629
-59629
-59629
-59629
-59629
-59629
-59629
-59629
-56612
-56612
-56612
-56612
-56612
-56612
-56612
-56612
-56612
-56612
-56612
-56612
-56612
-56612
-56612
-56612
-56612
-56612
-56612
-56612
-56612
-56612
-56612
-56612
-56612
-56612
-56612
-56612
-56612
-56612
-56612
-56612
-56612
-56612
-56612
-56612
-56612
-56612
-56612
-56612
-56612
-56612
-56612
-56612
-56612
-56612
-56612
-53595
-53595
-53595
-53595
-53595
-53595
-53595
-53595
-53595
-53595
-53595
-53595
-53595
-53595
-53595
-53595
-53595
-53595
-53595
-53595
-53595
-53595
-53595
-53595
-53595
-53595
-53595
-53595
-53595
-53595
-53595
-53595
-53595
-53595
-53595
-53595
-53595
-53595
-53595
-53595
-53595
-53595
-53595
-53595
-53595
-53595
-53595
-50578
-50578
-50578
-50578
-50578
-50578
-50578
-50578
-50578
-50578
-50578
-50578
-50578
-50578
-50578
-50578
-50578
-50578
-50578
-50578
-50578
-50578
-50578
-50578
-50578
-50578
-50578
-50578
-50578
-50578
-50578
-50578
-50578
-50578
-50578
-50578
-50578
-50578
-50578
-50578
-50578
-50578
-50578
-50578
-50578
-50578
-50578
-47562
-47562
-47562
-47562
-47562
-47562
-47562
-47562
-47562
-47562
-47562
-47562
-47562
-47562
-47562
-47562
-47562
-47562
-47562
-47562
-47562
-47562
-47562
-47562
-47562
-47562
-47562
-47562
-47562
-47562
-47562
-47562
-47562
-47562
-47562
-47562
-47562
-47562
-47562
-47562
-47562
-47562
-47562
-47562
-47562
-47562
-47562
-44545
-44545
-44545
-44545
-44545
-44545
-44545
-44545
-44545
-44545
-44545
-44545
-44545
-44545
-44545
-44545
-44545
-44545
-44545
-44545
-44545
-44545
-44545
-44545
-44545
-44545
-44545
-44545
-44545
-44545
-44545
-44545
-44545
-44545
-44545
-44545
-44545
-44545
-44545
-44545
-44545
-44545
-44545
-44545
-44545
-44545
-44545
-41528
-41528
-41528
-41528
-41528
-41528
-41528
-41528
-41528
-41528
-41528
-41528
-41528
-41528
-41528
-41528
-41528
-41528
-41528
-41528
-41528
-41528
-41528
-41528
-41528
-41528
-41528
-41528
-41528
-41528
-41528
-41528
-41528
-41528
-41528
-41528
-41528
-41528
-41528
-41528
-41528
-41528
-41528
-41528
-41528
-41528
-41528
-38511
-38511
-38511
-38511
-38511
-38511
-38511
-38511
-38511
-38511
-38511
-38511
-38511
-38511
-38511
-38511
-38511
-38511
-38511
-38511
-38511
-38511
-38511
-38511
-38511
-38511
-38511
-38511
-38511
-38511
-38511
-38511
-38511
-38511
-38511
-38511
-38511
-38511
-38511
-38511
-38511
-38511
-38511
-38511
-38511
-38511
-38511
-35494
-35494
-35494
-35494
-35494
-35494
-35494
-35494
-35494
-35494
-35494
-35494
-35494
-35494
-35494
-35494
-35494
-35494
-35494
-35494
-35494
-35494
-35494
-35494
-35494
-35494
-35494
-35494
-35494
-35494
-35494
-35494
-35494
-35494
-35494
-35494
-35494
-35494
-35494
-35494
-35494
-35494
-35494
-35494
-35494
-35494
-35494
-32477
-32477
-32477
-32477
-32477
-32477
-32477
-32477
-32477
-32477
-32477
-32477
-32477
-32477
-32477
-32477
-32477
-32477
-32477
-32477
-32477
-32477
-32477
-32477
-32477
-32477
-32477
-32477
-32477
-32477
-32477
-32477
-32477
-32477
-32477
-32477
-32477
-32477
-32477
-32477
-32477
-32477
-32477
-32477
-32477
-32477
-32477
-29460
-29460
-29460
-29460
-29460
-29460
-29460
-29460
-29460
-29460
-29460
-29460
-29460
-29460
-29460
-29460
-29460
-29460
-29460
-29460
-29460
-29460
-29460
-29460
-29460
-29460
-29460
-29460
-29460
-29460
-29460
-29460
-29460
-29460
-29460
-29460
-29460
-29460
-29460
-29460
-29460
-29460
-29460
-29460
-29460
-29460
-29460
-26444
-26444
-26444
-26444
-26444
-26444
-26444
-26444
-26444
-26444
-26444
-26444
-26444
-26444
-26444
-26444
-26444
-26444
-26444
-26444
-26444
-26444
-26444
-26444
-26444
-26444
-26444
-26444
-26444
-26444
-26444
-26444
-26444
-26444
-26444
-26444
-26444
-26444
-26444
-26444
-26444
-26444
-26444
-26444
-26444
-26444
-26444
-23427
-23427
-23427
-23427
-23427
-23427
-23427
-23427
-23427
-23427
-23427
-23427
-23427
-23427
-23427
-23427
-23427
-23427
-23427
-23427
-23427
-23427
-23427
-23427
-23427
-23427
-23427
-23427
-23427
-23427
-23427
-23427
-23427
-23427
-23427
-23427
-23427
-23427
-23427
-23427
-23427
-23427
-23427
-23427
-23427
-23427
-23427
-20410
-20410
-20410
-20410
-20410
-20410
-20410
-20410
-20410
-20410
-20410
-20410
-20410
-20410
-20410
-20410
-20410
-20410
-20410
-20410
-20410
-20410
-20410
-20410
-20410
-20410
-20410
-20410
-20410
-20410
-20410
-20410
-20410
-20410
-20410
-20410
-20410
-20410
-20410
-20410
-20410
-20410
-20410
-20410
-20410
-20410
-20410
-17393
-17393
-17393
-17393
-17393
-17393
-17393
-17393
-17393
-17393
-17393
-17393
-17393
-17393
-17393
-17393
-17393
-17393
-17393
-17393
-17393
-17393
-17393
-17393
-17393
-17393
-17393
-17393
-17393
-17393
-17393
-17393
-17393
-17393
-17393
-17393
-17393
-17393
-17393
-17393
-17393
-17393
-17393
-17393
-17393
-17393
-17393
-14376
-14376
-14376
-14376
-14376
-14376
-14376
-14376
-14376
-14376
-14376
-14376
-14376
-14376
-14376
-14376
-14376
-14376
-14376
-14376
-14376
-14376
-14376
-14376
-14376
-14376
-14376
-14376
-14376
-14376
-14376
-14376
-14376
-14376
-14376
-14376
-14376
-14376
-14376
-14376
-14376
-14376
-14376
-14376
-14376
-14376
-14376
-11359
-11359
-11359
-11359
-11359
-11359
-11359
-11359
-11359
-11359
-11359
-11359
-11359
-11359
-11359
-11359
-11359
-11359
-11359
-11359
-11359
-11359
-11359
-11359
-11359
-11359
-11359
-11359
-11359
-11359
-11359
-11359
-11359
-11359
-11359
-11359
-11359
-11359
-11359
-11359
-11359
-11359
-11359
-11359
-11359
-11359
-11359
-8342
-8342
-8342
-8342
-8342
-8342
-8342
-8342
-8342
-8342
-8342
-8342
-8342
-8342
-8342
-8342
-8342
-8342
-8342
-8342
-8342
-8342
-8342
-8342
-8342
-8342
-8342
-8342
-8342
-8342
-8342
-8342
-8342
-8342
-8342
-8342
-8342
-8342
-8342
-8342
-8342
-8342
-8342
-8342
-8342
-8342
-8342
-5325
-5325
-5325
-5325
-5325
-5325
-5325
-5325
-5325
-5325
-5325
-5325
-5325
-5325
-5325
-5325
-5325
-5325
-5325
-5325
-5325
-5325
-5325
-5325
-5325
-5325
-5325
-5325
-5325
-5325
-5325
-5325
-5325
-5325
-5325
-5325
-5325
-5325
-5325
-5325
-5325
-5325
-5325
-5325
-5325
-5325
-5325
-2309
-2309
-2309
-2309
-2309
-2309
-2309
-2309
-2309
-2309
-2309
-2309
-2309
-2309
-2309
-2309
-2309
-2309
-2309
-2309
-2309
-2309
-2309
-2309
-2309
-2309
-2309
-2309
-2309
-2309
-2309
-2309
-2309
-2309
-2309
-2309
-2309
-2309
-2309
-2309
-2309
-2309
-2309
-2309
-2309
-2309
-2309
708
708
708
708
708
708
708
708
708
708
708
708
708
708
708
708
708
708
708
708
708
708
708
708
708
708
708
708
708
708
708
708
708
708
708
708
708
708
708
708
708
708
708
708
708
708
708
3725
3725
3725
3725
3725
3725
3725
3725
3725
3725
3725
3725
3725
3725
3725
3725
3725
3725
3725
3725
3725
3725
3725
3725
3725
3725
3725
3725
3725
3725
3725
3725
3725
3725
3725
3725
3725
3725
3725
3725
3725
3725
3725
3725
3725
3725
3725
6742
6742
6742
6742
6742
6742
6742
6742
6742
6742
6742
6742
6742
6742
6742
6742
6742
6742
6742
6742
6742
6742
6742
6742
6742
6742
6742
6742
6742
6742
6742
6742
6742
6742
6742
6742
6742
6742
6742
6742
6742
6742
6742
6742
6742
6742
6742
9759
9759
9759
9759
9759
9759
9759
9759
9759
9759
9759
9759
9759
9759
9759
9759
9759
9759
9759
9759
9759
9759
9759
9759
9759
9759
9759
9759
9759
9759
9759
9759
9759
9759
9759
9759
9759
9759
9759
9759
9759
9759
9759
9759
9759
9759
9759
12776
12776
12776
12776
12776
12776
12776
12776
12776
12776
12776
12776
12776
12776
12776
12776
12776
12776
12776
12776
12776
12776
12776
12776
12776
12776
12776
12776
12776
12776
12776
12776
12776
12776
12776
12776
12776
12776
12776
12776
12776
12776
12776
12776
12776
12776
12776
15793
15793
15793
15793
15793
15793
15793
15793
15793
15793
15793
15793
15793
15793
15793
15793
15793
15793
15793
15793
15793
15793
15793
15793
15793
15793
15793
15793
15793
15793
15793
15793
15793
15793
15793
15793
15793
15793
15793
15793
15793
15793
15793
15793
15793
15793
15793
18809
18809
18809
18809
18809
18809
18809
18809
18809
18809
18809
18809
18809
18809
18809
18809
18809
18809
18809
18809
18809
18809
18809
18809
18809
18809
18809
18809
18809
18809
18809
18809
18809
18809
18809
18809
18809
18809
18809
18809
18809
18809
18809
18809
18809
18809
18809
21826
21826
21826
21826
21826
21826
21826
21826
21826
21826
21826
21826
21826
21826
21826
21826
21826
21826
21826
21826
21826
21826
21826
21826
21826
21826
21826
21826
21826
21826
21826
21826
21826
21826
21826
21826
21826
21826
21826
21826
21826
21826
21826
21826
21826
21826
21826
24843
24843
24843
24843
24843
24843
24843
24843
24843
24843
24843
24843
24843
24843
24843
24843
24843
24843
24843
24843
24843
24843
24843
24843
24843
24843
24843
24843
24843
24843
24843
24843
24843
24843
24843
24843
24843
24843
24843
24843
24843
24843
24843
24843
24843
24843
24843
27860
27860
27860
27860
27860
27860
27860
27860
27860
27860
27860
27860
27860
27860
27860
27860
27860
27860
27860
27860
27860
27860
27860
27860
27860
27860
27860
27860
27860
27860
27860
27860
27860
27860
27860
27860
27860
27860
27860
27860
27860
27860
27860
27860
27860
27860
27860
30877
30877
30877
30877
30877
30877
30877
30877
30877
30877
30877
30877
30877
30877
30877
30877
30877
30877
30877
30877
30877
30877
30877
30877
30877
30877
30877
30877
30877
30877
30877
30877
30877
30877
30877
30877
30877
30877
30877
30877
30877
30877
30877
30877
30877
30877
30877
33894
33894
33894
33894
33894
33894
33894
33894
33894
33894
33894
33894
33894
33894
33894
33894
33894
33894
33894
33894
33894
33894
33894
33894
33894
33894
33894
33894
33894
33894
33894
33894
33894
33894
33894
33894
33894
33894
33894
33894
33894
33894
33894
33894
33894
33894
33894
36911
36911
36911
36911
36911
36911
36911
36911
36911
36911
36911
36911
36911
36911
36911
36911
36911
36911
36911
36911
36911
36911
36911
36911
36911
36911
36911
36911
36911
36911
36911
36911
36911
36911
36911
36911
36911
36911
36911
36911
36911
36911
36911
36911
36911
36911
36911
39928
39928
39928
39928
39928
39928
39928
39928
39928
39928
39928
39928
39928
39928
39928
39928
39928
39928
39928
39928
39928
39928
39928
39928
39928
39928
39928
39928
39928
39928
39928
39928
39928
39928
39928
39928
39928
39928
39928
39928
39928
39928
39928
39928
39928
39928
39928
42944
42944
42944
42944
42944
42944
42944
42944
42944
42944
42944
42944
42944
42944
42944
42944
42944
42944
42944
42944
42944
42944
42944
42944
42944
42944
42944
42944
42944
42944
42944
42944
42944
42944
42944
42944
42944
42944
42944
42944
42944
42944
42944
42944
42944
42944
42944
45961
45961
45961
45961
45961
45961
45961
45961
45961
45961
45961
45961
45961
45961
45961
45961
45961
45961
45961
45961
45961
45961
45961
45961
45961
45961
45961
45961
45961
45961
45961
45961
45961
45961
45961
45961
45961
45961
45961
45961
45961
45961
45961
45961
45961
45961
45961
48978
48978
48978
48978
48978
48978
48978
48978
48978
48978
48978
48978
48978
48978
48978
48978
48978
48978
48978
48978
48978
48978
48978
48978
48978
48978
48978
48978
48978
48978
48978
48978
48978
48978
48978
48978
48978
48978
48978
48978
48978
48978
48978
48978
48978
48978
48978
51995
51995
51995
51995
51995
51995
51995
51995
51995
51995
51995
51995
51995
51995
51995
51995
51995
51995
51995
51995
51995
51995
51995
51995
51995
51995
51995
51995
51995
51995
51995
51995
51995
51995
51995
51995
51995
51995
51995
51995
51995
51995
51995
51995
51995
51995
51995
55012
55012
55012
55012
55012
55012
55012
55012
55012
55012
55012
55012
55012
55012
55012
55012
55012
55012
55012
55012
55012
55012
55012
55012
55012
55012
55012
55012
55012
55012
55012
55012
55012
55012
55012
55012
55012
55012
55012
55012
55012
55012
55012
55012
55012
55012
55012
58029
58029
58029
58029
58029
58029
58029
58029
58029
58029
58029
58029
58029
58029
58029
58029
58029
58029
58029
58029
58029
58029
58029
58029
58029
58029
58029
58029
58029
58029
58029
58029
58029
58029
58029
58029
58029
58029
58029
58029
58029
58029
58029
58029
58029
58029
58029
61046
61046
61046
61046
61046
61046
61046
61046
61046
61046
61046
61046
61046
61046
61046
61046
61046
61046
61046
61046
61046
61046
61046
61046
61046
61046
61046
61046
61046
61046
61046
61046
61046
61046
61046
61046
61046
61046
61046
61046
61046
61046
61046
61046
61046
61046
61046
64063
64063
64063
64063
64063
64063
64063
64063
64063
64063
64063
64063
64063
64063
64063
64063
64063
64063
64063
64063
64063
64063
64063
64063
64063
64063
64063
64063
64063
64063
64063
64063
64063
64063
64063
64063
64063
64063
64063
64063
64063
64063
64063
64063
64063
64063
64063
67079
67079
67079
67079
67079
67079
67079
67079
67079
67079
67079
67079
67079
67079
67079
67079
67079
67079
67079
67079
67079
67079
67079
67079
67079
67079
67079
67079
67079
67079
67079
67079
67079
67079
67079
67079
67079
67079
67079
67079
67079
67079
67079
67079
67079
67079
67079