900
821
790
879
908
900
907
912
906
906
918
890
851
858
842
831
829
829
826
870
900
918
889
870
906
901
853
891
905
873
901
912
916
921
925
907
915
911
911
890
852
881
893
883
883
820
859
706
556
580
634
654
654
693
709
716
693
722
721
639
613
615
589
529
511
532
606
660
685
688
668
683
648
650
695
675
680
666
739
790
785
768
735
733
723
711
697
617
628
653
687
663
489
604
568
401
405
496
479
512
496
513
515
504
583
477
478
450
462
392
202
133
232
322
384
456
464
476
470
459
444
453
459
477
488
500
544
563
498
535
480
519
482
539
488
477
540
497
457
345
438
463
322
363
397
441
487
421
465
466
461
427
400
472
367
345
234
0
0
59
126
229
329
380
347
362
321
283
255
296
333
373
371
435
465
441
388
370
380
401
373
378
375
399
425
386
306
400
370
244
274
323
364
373
422
377
414
458
408
397
400
365
299
214
118
39
0
0
144
221
297
288
281
222
161
97
179
213
231
283
322
358
356
322
281
262
261
265
288
316
370
338
304
276
345
348
212
239
326
331
395
408
369
403
381
374
349
350
302
278
222
167
96
0
0
150
192
226
199
176
166
91
0
46
108
162
195
225
251
261
219
206
165
139
164
210
258
248
283
279
249
327
301
201
205
274
325
375
368
370
405
380
345
391
341
299
261
248
185
117
51
80
143
85
199
133
59
104
97
26
0
0
96
122
111
158
203
132
111
94
36
82
123
177
186
190
215
262
331
271
194
215
271
343
325
385
333
379
307
319
306
251
256
244
219
197
145
92
76
36
85
221
80
0
25
64
107
61
1
0
100
31
98
126
57
44
38
0
0
0
129
129
69
176
261
365
259
177
183
255
296
326
377
401
331
289
320
290
213
173
178
172
209
175
84
13
0
135
132
0
0
0
0
54
95
96
109
62
0
1
73
0
46
0
29
39
57
69
106
0
205
302
351
246
177
203
261
336
319
329
295
335
312
274
274
173
127
98
131
202
169
0
0
110
189
0
0
0
17
10
0
0
102
78
60
35
0
0
2
0
16
20
33
141
0
94
0
176
295
333
259
130
203
254
331
287
313
316
334
285
194
162
151
70
21
78
152
156
44
1
169
134
0
0
100
4
85
31
0
130
0
22
64
82
39
104
0
0
0
0
137
13
63
74
174
272
322
274
177
204
259
309
317
276
303
289
222
149
75
107
40
0
80
105
142
22
0
160
0
10
49
0
0
124
0
68
127
28
0
24
103
32
63
60
0
0
17
78
0
62
103
196
197
296
297
229
246
359
369
291
222
253
271
214
115
0
0
0
0
0
50
76
0
77
67
0
29
45
17
18
73
7
113
166
95
0
0
118
0
0
18
91
23
8
0
37
0
89
209
188
244
315
224
270
309
332
243
164
151
197
154
113
61
32
22
6
0
0
0
99
120
54
0
22
13
7
40
0
50
132
162
63
14
50
0
32
0
0
94
40
37
12
66
0
109
206
238
262
307
236
267
348
275
212
94
71
86
75
82
87
84
64
61
69
68
37
82
126
98
54
52
10
0
0
1
57
114
122
21
0
0
29
26
6
25
73
0
35
17
37
40
143
200
184
256
330
231
267
325
269
191
64
0
0
0
0
29
41
27
56
105
127
104
94
110
92
77
73
53
36
24
0
0
21
75
0
40
35
30
0
0
15
35
0
0
0
0
54
148
211
185
229
313
258
272
311
263
211
28
12
28
29
11
0
0
0
0
84
105
118
86
48
38
52
64
47
65
83
88
68
0
18
40
0
54
0
0
12
21
0
33
0
71
34
72
133
204
225
254
352
259
272
332
260
191
0
100
0
0
96
9
0
0
0
0
62
97
19
0
0
56
35
0
36
88
138
144
76
32
33
19
69
54
51
0
0
59
0
91
124
111
84
89
169
222
322
358
258
275
268
263
124
0
120
0
0
85
86
0
0
17
0
95
53
0
17
0
0
25
13
0
9
95
163
176
137
16
0
103
118
60
0
72
26
0
103
153
128
50
0
130
263
309
337
280
251
261
223
110
0
69
10
0
0
52
66
20
0
49
96
0
41
0
48
0
30
47
17
0
23
112
213
181
0
0
121
104
47
37
20
42
0
82
138
86
0
0
153
269
313
333
287
282
216
190
120
63
44
0
0
20
0
0
63
0
106
58
0
0
0
84
22
11
89
0
27
0
79
213
197
50
41
141
11
0
0
0
62
0
0
10
8
0
0
192
280
347
335
232
227
190
127
82
0
0
0
0
18
14
19
56
83
97
0
19
0
54
86
0
0
38
75
0
21
0
177
211
100
0
160
0
0
0
0
64
0
28
92
0
0
55
187
293
348
307
154
212
142
37
50
1
28
0
0
0
0
0
28
77
77
9
0
61
78
42
11
0
101
139
64
23
12
141
226
121
0
115
48
0
49
0
72
0
26
129
37
0
85
204
257
298
280
129
179
91
0
43
95
56
26
32
66
23
24
0
75
6
1
96
62
27
0
0
65
141
99
0
0
0
116
226
131
0
0
27
0
90
0
66
1
15
99
13
19
124
203
225
268
276
174
212
106
34
99
139
116
106
102
67
0
0
0
114
0
0
154
0
0
93
27
115
125
4
0
12
43
120
231
180
37
23
22
8
66
11
60
3
17
69
21
43
132
196
202
252
283
209
214
174
102
74
91
135
134
138
102
94
58
66
93
40
24
110
29
14
101
119
113
62
0
78
0
0
145
235
198
58
0
0
0
0
0
116
0
0
0
0
57
146
194
201
244
280
147
220
194
136
0
42
109
132
148
140
131
134
117
34
30
56
0
24
85
127
149
100
0
6
51
0
36
114
188
206
76
0
10
51
0
0
107
0
3
8
0
50
146
221
192
239
294
224
219
218
145
49
0
50
107
136
161
133
152
130
21
31
8
2
56
119
155
142
65
0
54
2
17
33
16
130
208
98
0
0
68
42
0
82
38
0
0
58
40
168
222
217
241
302
202
210
245
177
116
25
0
58
102
134
160
142
117
0
40
0
46
101
143
157
123
0
16
13
0
19
0
23
89
190
112
0
0
46
77
0
70
60
14
30
57
0
158
239
235
240
310
210
188
249
216
145
50
2
0
53
89
128
145
128
65
0
11
80
138
167
168
123
53
51
0
0
39
0
5
57
200
133
0
12
25
97
25
66
0
66
59
13
13
137
235
212
263
293
214
220
231
216
125
19
0
0
0
49
77
148
136
60
0
58
122
151
192
154
116
61
0
19
1
42
7
33
31
208
137
0
21
1
103
40
72
0
89
66
0
0
144
247
230
273
294
136
203
219
237
134
0
17
0
3
0
16
147
138
0
41
119
151
222
192
143
80
25
35
0
64
17
0
0
74
200
187
0
25
0
114
0
79
0
69
54
3
9
125
241
243
290
274
117
191
245
238
175
95
7
28
0
0
0
145
97
0
65
151
193
218
178
128
56
0
18
24
52
46
0
0
80
146
170
26
15
0
100
0
66
0
56
0
0
0
109
247
269
290
257
112
225
301
291
203
146
63
0
48
1
14
121
0
7
95
174
222
222
168
117
36
0
0
45
0
0
0
20
6
92
186
46
19
56
78
0
79
0
52
0
0
0
45
197
262
294
257
157
237
296
293
219
173
82
24
52
0
18
96
0
58
147
197
233
165
156
109
0
0
0
71
0
19
34
8
0
85
173
72
0
0
83
0
96
0
61
0
17
29
0
151
274
302
278
195
225
283
293
242
185
138
85
38
0
42
76
5
89
191
232
193
127
114
118
0
0
41
46
0
0
0
95
1
49
165
93
17
28
69
48
78
53
34
4
19
52
0
155
245
275
279
186
245
311
318
290
250
142
92
27
0
58
77
0
134
227
245
198
80
26
116
71
15
5
68
22
30
45
103
47
47
147
123
0
0
91
49
78
135
0
0
0
0
105
186
222
270
267
198
217
317
304
302
247
161
53
10
0
67
34
42
134
234
233
213
0
0
83
91
49
0
42
88
98
106
116
97
125
147
124
15
34
108
33
55
108
0
0
0
0
159
239
221
233
277
182
242
323
320
296
224
148
0
0
0
89
60
35
111
187
224
202
54
0
63
28
20
0
36
103
127
161
151
157
171
158
136
44
0
104
88
83
95
25
18
30
47
163
221
206
221
304
189
266
303
335
252
203
115
8
0
46
40
49
23
57
142
209
189
67
0
49
0
0
19
41
120
151
167
207
192
192
187
147
64
0
85
130
114
111
80
65
75
112
177
205
181
216
266
174
230
312
308
260
181
77
0
31
37
0
15
33
0
69
156
174
96
0
1
0
0
0
30
115
150
179
216
245
222
184
150
94
76
106
150
164
131
115
108
117
162
189
171
138
180
246
184
227
241
326
255
174
38
2
46
0
29
0
70
22
0
60
137
119
49
25
0
0
0
9
101
149
192
229
231
254
216
177
145
136
132
151
183
167
147
138
165
174
196
169
127
166
230
132
198
284
260
236
173
81
54
57
28
81
80
100
82
27
0
99
139
104
49
30
26
25
56
111
150
209
230
226
228
209
185
177
170
173
167
165
165
174
162
183
183
167
159
129
166
245
164
222
235
246
214
187
145
96
104
102
113
139
121
123
84
10
74
136
137
79
89
80
88
116
130
163
186
231
227
223
212
187
220
209
188
187
171
177
181
165
190
182
159
159
127
160
243
151
200
198
201
193
184
147
131
141
143
129
139
154
153
112
65
86
122
117
106
129
134
118
123
138
167
193
204
191
185
187
180
194
177
202
194
171
162
158
137
122
131
119
145
124
147
242
150
202
215
190
200
165
132
115
155
156
133
156
153
148
135
113
118
122
86
103
129
151
134
144
154
162
186
199
186
175
176
168
171
190
178
162
150
155
150
132
111
106
94
137
96
136
270
217
225
246
257
209
175
175
163
180
182
164
183
179
156
158
152
151
150
118
116
153
153
150
160
176
170
190
175
174
192
166
159
185
176
197
176
171
174
169
158
146
145
140
159
147
167
905
876
887
931
936
944
939
943
955
947
950
938
913
912
905
896
894
892
879
915
947
951
927
931
953
935
908
937
941
937
937
947
955
962
952
948
941
957
948
941
908
935
945
928
914
876
885
732
703
727
770
790
803
811
815
843
828
828
820
781
780
763
726
657
627
671
745
794
800
806
769
797
785
765
788
793
805
803
828
856
858
846
815
813
834
827
801
756
754
799
800
787
654
673
576
562
571
629
648
631
626
669
671
664
692
630
642
617
632
570
330
242
348
476
556
596
609
622
605
607
583
573
593
608
624
628
666
676
671
641
617
643
644
651
610
630
639
636
617
541
527
484
466
477
534
575
594
563
588
587
581
563
561
580
514
538
421
28
79
93
208
332
456
501
484
494
449
390
382
443
465
482
518
543
547
550
516
493
483
491
483
504
512
527
553
533
468
447
380
383
432
459
491
530
520
466
546
530
538
524
513
483
449
362
224
83
28
0
270
360
402
405
398
333
242
167
276
346
365
399
442
456
459
433
381
366
366
363
403
427
450
465
453
440
412
376
352
349
424
463
512
513
511
507
508
494
475
481
454
412
358
287
164
0
0
245
319
350
314
273
257
128
0
95
197
280
310
332
356
367
322
306
257
219
262
310
358
376
390
387
408
395
335
338
343
402
444
535
479
473
529
500
483
470
425
403
376
337
286
206
96
148
223
152
310
201
106
167
165
61
7
58
170
220
206
254
284
218
193
141
90
130
223
291
289
286
330
416
401
325
309
342
395
437
492
481
435
511
444
453
427
378
345
345
328
297
248
158
136
71
131
335
112
0
41
116
176
143
32
155
133
61
165
207
100
93
49
0
0
109
231
234
130
274
440
449
306
316
316
391
428
461
496
520
468
443
440
395
308
281
282
289
310
285
139
17
61
255
228
34
0
37
5
110
181
191
217
62
0
70
147
0
80
37
68
65
121
81
153
0
285
475
440
286
300
338
389
429
466
438
455
482
428
393
370
272
215
192
222
314
300
58
0
193
307
0
0
45
27
26
20
57
187
136
110
62
4
33
46
20
32
28
54
224
79
115
60
273
450
445
287
276
339
388
443
430
452
446
460
400
327
274
266
121
50
143
269
265
100
21
281
175
0
0
136
9
150
62
24
189
35
37
104
138
100
159
0
0
0
0
206
53
119
160
292
415
406
305
326
364
421
455
446
394
429
414
357
248
150
198
90
0
116
140
240
30
0
248
0
10
90
0
0
187
1
107
251
49
0
47
167
64
119
95
0
0
49
108
32
123
177
323
396
374
338
363
379
485
463
423
342
363
376
334
215
97
0
100
22
31
77
133
92
148
112
32
56
87
32
44
112
32
199
268
168
0
0
149
28
0
46
144
47
61
0
57
58
137
325
327
318
355
327
410
456
495
389
287
259
285
264
200
127
77
69
77
27
60
0
137
209
137
31
26
60
12
73
0
81
237
259
128
38
74
45
73
0
0
155
65
77
38
82
0
178
349
369
331
356
373
418
456
431
335
173
137
163
140
128
157
136
101
122
124
120
67
134
221
175
108
96
52
0
23
32
121
209
186
28
56
0
45
59
15
42
124
21
60
59
71
73
218
338
364
332
365
378
428
469
429
334
116
18
51
46
0
121
118
49
86
189
212
173
163
180
170
144
130
102
70
50
55
56
57
119
27
77
51
50
0
44
57
47
0
87
24
67
123
230
342
322
314
374
402
435
472
419
318
38
41
82
63
25
9
110
0
0
169
204
193
141
87
89
112
123
88
112
130
159
129
0
77
60
95
76
1
1
35
68
0
59
88
150
112
143
230
343
365
339
424
426
405
463
420
277
0
129
0
0
129
29
119
0
0
0
107
160
67
9
43
98
87
0
57
149
229
237
145
99
85
80
127
107
94
0
40
88
0
151
223
201
150
143
294
393
419
402
419
430
446
406
235
83
173
0
0
137
146
16
24
26
28
136
72
0
31
0
6
63
22
0
74
161
255
290
223
34
31
179
197
110
3
108
57
1
160
254
211
79
9
220
472
417
409
422
416
403
377
207
76
120
28
26
61
70
127
49
19
80
165
61
58
0
65
25
51
94
35
42
39
209
337
254
0
0
227
167
77
61
47
76
26
128
240
140
9
0
210
443
436
409
407
415
366
330
219
142
78
21
0
53
70
110
78
0
176
112
67
34
0
148
41
19
150
0
67
6
126
315
306
85
68
246
103
0
36
6
77
1
23
166
83
0
44
296
467
459
397
377
380
336
234
168
119
0
37
43
73
57
68
102
121
155
52
42
0
90
135
0
0
111
125
94
42
1
271
340
151
0
270
75
0
56
88
93
14
69
222
0
0
73
312
448
443
371
295
357
237
98
82
135
50
15
5
97
0
37
58
152
116
38
9
111
138
69
34
0
167
216
131
59
55
232
360
175
0
195
67
1
71
40
89
0
83
225
76
16
146
319
405
397
320
317
341
132
5
100
179
89
69
80
132
78
74
78
171
6
2
143
103
57
0
0
110
235
162
0
0
56
210
381
210
65
115
29
0
126
0
89
12
38
177
14
25
185
304
354
352
319
319
351
186
71
160
221
193
187
176
117
95
83
105
201
0
0
208
0
0
165
55
183
198
21
32
26
75
233
392
277
106
88
52
16
99
78
95
11
43
118
47
81
223
309
339
316
321
339
352
283
170
154
181
216
232
238
191
176
149
152
175
62
31
155
55
40
158
198
186
120
43
123
0
0
242
374
291
91
10
0
0
0
0
155
0
0
36
23
84
244
335
329
310
306
293
350
336
214
58
85
173
207
232
242
218
228
193
68
71
105
39
33
148
206
246
165
34
75
97
14
51
202
317
338
107
0
22
83
0
0
150
0
12
24
0
79
265
355
333
315
350
350
364
351
235
83
0
86
165
216
242
235
244
195
26
51
47
37
105
186
251
218
96
0
86
3
26
71
99
220
334
169
53
0
104
63
25
140
66
0
0
99
71
252
354
344
305
339
356
372
380
294
178
60
0
104
164
207
231
240
190
40
54
0
76
170
225
259
207
6
23
55
1
50
52
66
134
291
211
72
37
67
136
0
107
115
27
40
74
0
236
380
361
325
386
360
367
383
339
248
84
22
62
99
144
195
231
222
129
65
46
140
221
251
242
202
103
89
0
0
69
36
37
90
317
233
80
48
38
147
46
87
39
129
94
21
28
231
394
383
331
362
347
364
386
336
235
51
47
30
26
82
140
238
223
114
64
125
223
263
280
242
196
118
34
26
19
45
13
47
16
320
257
86
38
50
151
63
106
0
152
111
0
10
235
397
393
355
329
273
348
358
366
246
1
72
0
3
0
42
255
241
19
83
203
266
296
288
234
138
67
61
0
105
55
0
0
131
291
265
29
38
19
166
0
118
35
134
95
10
22
212
409
419
380
304
256
329
363
382
290
172
67
41
0
0
0
241
176
0
117
248
297
319
282
206
93
11
36
58
97
86
0
0
153
233
271
49
46
76
164
5
98
58
83
57
0
0
212
418
417
380
292
256
364
428
408
340
239
90
0
77
3
28
194
13
42
187
301
337
317
272
190
55
10
0
66
43
26
15
60
22
127
292
73
48
131
138
0
137
33
55
0
0
0
132
357
407
385
300
283
375
425
425
379
267
158
75
89
0
41
160
11
90
249
326
311
268
249
173
15
0
21
86
36
40
52
63
0
112
291
79
40
2
136
0
157
0
69
21
54
42
0
253
429
381
347
348
380
426
432
383
298
232
141
66
10
60
118
34
147
309
360
319
209
201
199
0
0
80
56
0
0
0
140
28
86
267
166
54
96
140
77
132
113
48
22
43
76
37
271
411
354
328
341
353
425
437
414
336
238
130
46
12
73
83
11
192
358
386
340
122
56
196
129
27
35
83
97
54
84
164
58
81
247
193
18
59
157
79
113
211
0
0
39
16
204
321
384
330
308
329
347
430
420
431
353
229
83
24
34
125
46
55
219
347
383
355
0
0
134
165
92
0
47
153
156
173
191
164
209
253
195
60
76
180
75
119
137
0
0
0
0
257
376
369
290
321
318
359
416
452
413
350
210
20
0
33
160
103
79
179
315
375
312
68
0
95
75
38
36
74
183
217
223
240
259
255
261
219
49
16
174
156
157
123
44
42
59
91
273
346
333
279
331
332
390
416
448
396
326
190
20
0
67
96
83
56
101
227
334
319
114
0
67
0
0
52
65
196
241
275
295
298
279
287
236
87
38
164
214
186
174
134
116
127
170
271
315
286
262
302
310
366
424
438
376
293
141
0
52
49
0
67
38
14
118
244
301
157
0
51
55
20
18
51
172
234
269
311
320
310
285
241
156
137
191
218
234
204
182
163
180
236
274
284
239
239
287
302
351
396
430
398
286
72
4
85
48
65
89
120
43
70
116
244
191
74
36
41
31
1
67
168
237
288
326
342
345
307
266
228
211
220
241
259
257
214
213
236
256
270
259
215
202
267
260
324
384
393
367
272
135
89
104
83
133
153
176
140
76
0
157
217
170
76
71
79
68
117
184
234
276
303
347
311
282
266
257
247
252
253
257
228
233
242
257
245
260
250
231
207
269
272
344
360
358
328
282
219
175
172
171
179
192
215
202
131
15
107
205
204
142
140
141
145
174
213
244
281
320
342
309
297
274
284
276
276
262
262
248
245
245
260
245
236
212
212
189
277
315
334
324
318
314
279
234
217
228
216
204
226
249
229
176
110
135
189
201
180
184
199
188
216
233
263
286
311
292
286
279
266
284
288
292
269
254
238
241
219
220
208
215
215
196
186
278
277
341
355
342
328
259
243
223
254
236
230
260
258
249
206
180
196
192
161
183
202
206
215
236
256
260
289
278
285
260
269
262
272
285
273
234
241
251
251
223
198
185
197
234
177
183
296
305
322
345
356
309
255
246
246
254
246
238
252
247
242
210
202
205
220
182
173
207
213
220
228
252
273
262
239
254
261
247
247
267
264
259
253
242
259
239
216
203
211
203
234
210
201
914
927
935
934
957
961
967
966
965
972
968
969
969
972
965
960
953
946
958
942
930
932
921
928
943
964
969
968
960
961
972
970
957
956
964
968
967
969
969
971
975
977
974
972
972
971
975
972
969
966
953
949
963
966
965
955
946
928
934
797
804
792
813
868
871
879
879
885
893
898
901
901
893
885
865
865
859
858
833
790
766
767
769
817
865
879
889
871
856
877
894
866
844
868
873
876
876
886
902
914
920
919
913
899
893
899
901
896
880
858
845
869
880
865
860
818
770
784
640
694
704
739
755
771
785
779
775
801
812
812
785
796
787
792
787
770
768
719
615
542
552
598
675
715
740
762
768
765
763
753
727
740
746
729
759
754
765
781
804
817
821
810
778
766
774
792
795
781
757
732
780
768
778
783
728
647
635
567
615
626
662
698
711
723
711
724
714
724
727
730
720
735
723
703
671
687
641
434
334
262
358
461
545
622
671
681
691
679
640
635
616
605
622
656
667
675
685
692
692
699
719
686
661
668
685
689
686
671
670
695
703
715
707
639
595
540
508
557
547
598
630
671
669
661
667
669
669
661
672
660
682
659
635
627
622
520
290
249
0
167
251
384
516
578
576
578
587
554
490
447
444
505
561
569
583
599
612
600
629
628
596
558
555
562
560
564
580
582
606
626
643
652
606
563
468
402
479
512
549
575
605
632
607
609
582
615
610
615
610
615
626
602
569
546
459
352
215
85
0
42
311
430
499
514
496
486
467
370
286
254
360
435
459
494
513
526
538
565
564
537
492
473
457
455
462
487
516
537
557
576
588
559
536
430
419
468
442
498
547
577
604
594
596
583
606
591
594
597
577
585
573
556
516
475
372
314
156
0
0
299
405
445
466
420
380
365
306
124
50
213
279
341
405
409
437
455
486
489
455
396
388
364
350
362
406
455
494
500
514
522
517
501
425
359
438
429
459
517
535
580
599
587
543
601
614
583
597
558
539
535
495
480
460
383
303
175
25
119
316
295
359
392
315
252
264
260
103
0
177
182
278
319
336
337
377
402
426
370
320
296
247
210
246
320
402
406
445
447
460
474
516
430
345
423
421
461
514
535
580
600
586
557
593
603
613
589
549
509
475
466
454
423
388
330
235
151
228
252
36
292
369
221
78
128
188
204
165
154
175
204
252
239
195
264
331
333
252
211
222
124
146
103
251
364
369
343
301
352
456
543
405
374
414
429
471
492
513
559
587
578
539
586
538
558
541
505
469
417
409
413
406
402
347
279
177
168
118
0
309
338
148
0
23
80
183
226
245
195
207
309
147
37
148
275
283
146
148
173
108
137
0
226
322
322
300
136
225
445
562
479
345
399
399
450
495
507
556
583
586
590
553
531
533
521
477
411
371
367
361
377
418
386
277
127
57
124
208
369
266
78
0
0
0
103
183
259
284
304
298
87
0
0
196
223
112
147
128
120
130
66
182
279
206
294
0
166
448
574
473
315
393
409
434
507
513
550
555
555
561
561
544
509
491
448
406
340
294
280
322
420
417
289
59
0
151
376
338
0
6
15
7
18
0
156
221
252
282
225
136
67
86
191
204
141
126
62
106
65
102
233
267
151
243
95
228
463
566
450
317
393
423
432
495
524
558
557
551
551
574
540
481
445
427
385
300
175
176
240
357
398
318
11
0
257
433
212
0
0
34
73
91
153
148
142
272
243
120
111
125
153
169
220
219
32
0
132
0
0
205
305
204
237
201
297
488
545
438
299
372
431
461
506
532
536
520
533
531
540
521
452
380
332
367
262
46
50
167
247
336
289
141
81
301
314
0
0
0
213
0
50
229
70
0
369
219
82
18
102
178
222
223
255
51
0
101
0
0
236
210
154
255
278
349
494
517
438
339
415
455
493
532
563
556
511
518
522
505
472
414
294
237
281
261
0
0
112
115
305
242
114
121
265
203
30
28
111
112
0
3
248
134
124
379
268
76
0
25
160
250
160
166
141
89
0
61
85
186
40
126
220
230
353
501
479
416
357
442
462
516
570
561
573
508
462
469
475
464
368
276
208
184
235
50
6
21
68
223
189
178
216
248
156
81
87
111
73
9
126
171
155
236
358
310
194
0
0
200
193
171
11
63
183
118
93
140
112
0
128
186
201
354
466
427
378
359
436
496
532
559
564
545
463
415
389
397
403
346
261
199
147
143
144
104
0
100
159
36
205
278
254
176
102
113
114
52
69
141
120
145
290
360
309
210
48
0
207
192
150
0
0
142
205
140
144
112
90
119
90
213
403
482
445
366
385
457
459
559
593
581
521
389
301
308
310
315
283
262
227
182
153
149
141
118
147
122
0
202
276
249
177
109
152
116
20
48
128
82
165
304
330
233
145
107
103
73
192
141
0
0
137
181
103
108
142
135
121
101
220
399
475
452
379
373
477
474
574
616
553
485
360
241
192
213
209
147
145
213
193
140
142
173
190
210
156
122
201
265
274
220
159
163
119
26
58
109
133
200
278
273
149
96
143
1
0
132
99
59
69
143
86
77
141
146
122
154
188
291
388
444
446
339
411
492
514
589
616
569
505
310
181
114
150
184
61
0
224
216
76
68
160
248
284
230
207
222
238
228
214
203
180
143
110
127
131
169
195
174
238
57
101
181
119
46
105
78
95
117
81
76
59
147
164
131
173
237
291
398
445
447
394
422
512
537
592
607
542
461
280
145
141
146
149
72
36
213
230
0
0
27
267
292
264
232
206
166
159
168
188
160
129
150
175
204
249
219
119
204
33
116
202
152
0
105
118
89
112
0
29
106
161
212
232
205
234
289
404
459
460
379
439
526
536
594
595
563
424
228
162
170
34
31
114
121
165
230
0
0
102
160
224
254
202
187
113
98
144
180
137
55
109
166
247
313
283
198
193
113
144
178
154
81
167
170
0
43
86
75
15
157
280
299
239
214
232
356
494
501
421
450
551
556
584
592
544
441
211
184
207
0
0
80
189
199
189
37
0
118
111
128
249
125
132
107
91
155
138
137
0
0
138
233
318
368
339
263
195
112
117
197
223
227
152
0
0
78
89
0
172
313
334
271
147
105
280
472
560
478
448
535
538
595
557
501
393
290
238
201
0
0
112
150
171
157
109
69
97
111
174
210
122
105
96
103
91
83
106
51
0
124
194
251
337
396
352
218
0
0
210
259
214
130
22
106
0
129
78
198
326
322
230
69
0
162
482
612
514
457
523
543
576
562
489
356
280
235
163
64
50
167
0
79
222
160
70
94
144
248
188
137
79
66
117
123
61
105
137
81
128
106
150
295
418
386
228
0
0
256
270
157
84
84
105
77
157
108
161
300
300
137
0
0
144
487
590
533
422
535
546
558
488
452
367
279
219
115
86
106
158
44
110
237
200
0
102
214
224
183
157
0
0
162
143
32
79
200
128
124
127
142
235
388
408
273
45
94
262
304
64
9
72
162
119
122
49
87
327
297
25
2
70
234
501
609
524
432
477
480
509
461
394
331
264
181
0
62
143
150
108
140
181
190
46
137
215
202
152
130
76
83
188
93
0
0
232
194
149
195
138
163
311
430
322
105
0
246
271
0
0
77
214
153
107
15
3
379
274
0
0
86
312
529
585
509
414
475
465
488
376
295
227
257
227
39
69
133
155
165
116
146
141
155
196
181
126
73
116
119
168
169
77
0
0
184
298
233
200
128
136
271
422
350
110
12
231
264
0
0
91
206
191
112
0
75
347
215
40
0
123
348
502
559
514
431
414
476
428
260
193
165
232
231
106
99
121
167
187
123
141
133
202
229
141
76
72
161
166
178
136
0
53
65
258
300
218
164
134
151
280
402
375
170
0
185
261
0
0
102
142
124
102
0
75
261
223
86
66
186
357
481
505
415
364
434
480
404
209
149
159
242
244
154
136
144
204
211
185
177
174
249
249
0
0
53
243
95
121
198
0
0
191
294
271
146
136
120
141
277
418
414
261
170
212
226
0
0
136
154
156
0
24
60
212
164
62
87
211
369
433
456
388
382
418
487
408
249
144
187
265
295
253
240
243
231
209
202
228
226
262
226
0
0
40
281
0
0
259
56
106
254
298
173
152
147
75
129
278
410
456
295
209
206
171
0
0
135
163
189
8
22
58
165
152
75
134
271
378
417
435
368
390
438
464
449
310
254
227
257
293
298
302
302
282
217
241
241
238
271
208
1
0
121
168
58
0
157
194
229
277
235
143
156
139
0
11
277
427
471
350
210
151
72
33
63
65
61
177
95
27
70
114
129
100
164
301
401
445
416
344
371
422
462
442
420
309
217
219
238
289
314
330
308
283
283
287
265
235
178
114
83
163
0
74
113
203
257
283
206
160
148
182
93
0
36
252
384
468
374
180
141
0
0
18
0
0
229
32
4
56
72
100
64
145
325
425
454
426
362
359
415
433
439
436
302
152
125
162
237
286
307
329
325
304
313
294
203
95
146
148
111
72
75
191
261
307
267
147
61
122
153
91
38
96
229
307
414
402
193
132
88
45
138
0
0
195
0
0
0
0
111
68
146
306
440
461
422
359
380
448
465
449
468
318
213
100
126
159
202
285
310
326
316
324
302
193
68
110
126
95
100
165
240
301
315
225
71
0
110
68
50
76
134
186
242
353
427
265
161
101
0
149
99
55
146
153
106
0
0
161
0
118
290
439
474
439
354
399
470
475
517
505
392
250
163
138
76
156
227
258
300
318
311
307
197
89
101
83
81
152
223
284
331
319
202
101
53
105
19
30
107
153
154
173
286
404
301
204
125
50
135
167
41
83
167
148
0
0
136
14
67
277
432
466
449
357
418
476
489
519
528
411
332
229
126
90
137
162
192
242
272
290
309
236
174
138
91
105
218
281
332
319
297
204
133
139
82
0
0
123
133
102
103
268
408
321
213
155
94
117
182
0
86
129
146
114
97
101
11
55
264
422
492
459
373
422
460
477
516
519
479
406
242
114
124
119
128
115
165
235
277
315
262
208
172
158
195
283
342
341
330
292
233
164
127
59
0
0
118
95
93
38
218
392
345
225
158
91
113
167
95
131
84
94
177
180
66
5
62
271
447
503
474
355
386
450
458
481
508
500
404
193
122
141
119
86
31
109
162
264
309
239
186
191
202
261
341
375
371
337
280
234
149
116
26
52
95
108
33
73
0
201
374
368
210
142
102
134
179
70
113
60
0
200
200
52
0
68
271
424
524
493
413
370
405
463
428
463
467
406
217
144
140
0
62
87
0
47
258
314
219
118
169
270
301
380
387
366
321
252
181
129
128
0
65
146
95
0
0
82
253
380
334
165
114
107
149
191
0
64
118
79
191
172
67
8
44
229
413
543
528
430
366
413
379
446
446
482
434
287
209
89
38
109
106
0
0
257
302
177
116
166
321
362
405
393
349
291
203
88
81
104
96
145
164
70
0
0
111
252
358
357
194
115
133
177
200
24
54
154
133
153
136
108
0
0
211
430
558
531
414
335
397
410
486
532
547
478
349
235
15
4
140
73
0
0
235
241
145
172
246
356
387
411
390
359
275
164
56
46
43
97
187
121
96
31
3
164
191
266
338
172
118
180
256
209
31
77
178
130
114
92
123
0
0
207
437
546
534
401
316
397
433
523
546
534
483
400
259
133
89
161
54
0
48
211
167
123
171
297
408
426
411
380
326
253
121
23
42
0
76
177
111
85
86
122
120
94
219
357
192
46
165
204
230
0
0
242
122
99
67
148
31
36
171
363
516
518
407
324
397
440
509
544
538
491
418
317
224
177
163
0
0
76
184
113
108
198
362
439
451
396
323
321
243
96
0
0
77
129
116
96
70
90
148
108
0
187
354
157
0
153
220
218
0
0
245
121
105
0
115
106
81
122
270
461
529
384
362
430
450
507
534
540
521
430
374
291
209
163
50
6
79
165
108
131
248
393
488
458
338
257
253
264
112
0
0
108
169
142
0
58
0
161
147
59
198
338
260
141
155
210
214
114
82
220
195
75
13
79
91
106
128
281
448
508
383
364
418
454
497
522
526
527
470
401
306
202
128
72
0
88
126
45
132
295
440
487
461
309
152
131
244
211
61
30
110
145
179
77
68
85
201
181
114
197
321
308
166
99
164
190
168
0
229
239
9
6
93
41
95
229
348
450
475
373
356
414
453
494
543
546
536
471
418
297
154
78
81
56
137
103
0
126
333
452
503
473
325
0
0
122
262
159
84
67
88
184
168
151
189
219
207
170
258
327
282
158
130
182
229
177
68
266
221
0
0
159
0
0
297
421
483
469
379
350
427
447
472
533
543
535
484
412
269
95
9
62
115
189
95
22
162
309
461
474
462
343
0
0
15
218
162
106
72
82
204
239
239
253
271
275
265
333
347
309
192
131
166
228
211
182
247
177
0
0
144
0
0
324
447
487
437
334
332
422
436
486
534
544
529
495
401
261
67
0
0
141
229
170
108
135
246
391
457
444
315
0
0
72
187
116
37
98
128
208
278
296
316
335
338
350
346
342
317
186
76
118
217
249
220
209
146
92
78
102
87
152
334
422
446
405
333
360
415
449
485
528
544
537
481
396
238
63
0
2
161
201
183
123
39
176
310
413
422
284
81
0
62
128
101
0
100
104
205
300
307
348
370
386
378
372
375
321
199
98
118
232
279
273
249
217
177
153
151
165
231
341
403
414
365
307
350
421
445
490
524
541
517
453
365
184
44
16
93
150
127
150
131
0
132
228
332
391
301
107
0
0
126
117
54
73
104
190
274
323
362
378
374
379
376
357
330
225
145
178
256
295
297
274
255
227
206
218
244
293
347
378
376
326