148
202
262
272
265
257
289
297
321
345
343
341
344
388
360
362
385
341
331
277
294
306
319
285
342
310
316
298
321
344
325
303
318
305
287
312
282
289
311
285
297
298
281
268
253
223
175
208
114
93
121
138
129
140
146
139
138
159
142
108
102
104
117
121
123
122
138
154
160
149
120
151
139
126
149
147
139
134
173
191
182
177
159
161
162
144
135
108
107
126
129
138
86
205
232
104
33
29
22
24
27
27
26
27
36
25
26
27
34
39
33
47
49
48
41
42
38
33
31
36
35
41
39
37
35
35
45
52
40
38
32
34
30
33
26
24
33
30
33
36
199
224
105
27
20
18
19
15
17
18
16
16
14
14
7
11
1
0
0
12
22
26
30
31
27
32
26
24
23
27
33
35
27
32
34
29
23
22
24
28
24
21
17
20
24
24
43
181
179
76
19
14
12
11
11
8
11
13
10
9
5
-1
-5
-8
-16
-13
0
0
7
13
23
21
25
19
18
16
31
28
24
28
28
29
27
26
21
24
21
22
21
23
25
20
17
39
144
156
58
12
9
6
7
6
4
6
6
5
4
3
-1
-5
-8
-13
-9
0
0
-1
6
12
11
10
10
6
0
19
21
21
21
24
25
28
24
21
17
13
12
13
21
19
21
15
24
106
105
43
8
5
5
5
3
3
5
5
3
5
4
3
-3
-7
-8
-5
-2
1
-2
-2
4
0
3
5
0
-6
0
0
19
13
12
15
27
17
15
13
8
10
14
18
14
11
8
19
79
65
25
5
4
5
3
4
3
5
5
4
5
5
8
7
4
0
-1
-1
3
7
3
6
2
0
3
3
3
-8
-2
0
-4
5
18
20
11
12
8
0
0
0
13
14
0
-3
8
64
47
19
2
0
2
3
5
6
4
5
9
9
5
5
9
7
7
3
-1
1
0
3
2
0
0
0
0
14
14
-3
-6
0
0
1
29
0
-10
0
-13
-8
-9
-1
3
0
9
10
54
33
16
3
1
2
3
4
4
6
12
14
17
10
7
5
5
8
6
0
0
-3
3
0
0
0
-11
-13
0
0
7
8
2
-8
0
0
-1
0
-1
-1
-1
5
0
2
0
9
12
45
22
6
0
-1
0
1
4
5
9
13
13
11
9
3
3
2
5
9
9
1
7
1
0
0
-11
-3
-14
-9
0
0
0
2
-6
-14
-16
-6
0
0
0
0
4
-1
-5
-7
0
12
39
16
-1
-4
-3
-1
4
8
11
10
9
10
14
22
6
0
-2
3
20
8
0
18
0
-3
0
0
0
-1
0
-8
-26
-12
0
2
4
6
1
-5
0
0
18
15
0
-1
0
-2
10
40
10
1
-3
3
6
8
11
17
16
9
2
0
0
0
3
0
19
10
0
-8
12
0
0
2
1
-1
2
-2
-11
-15
-8
0
0
7
0
0
3
-1
-4
-11
0
-3
0
0
0
1
22
16
6
4
5
10
10
10
15
24
10
0
-8
-17
-15
-5
0
0
0
-2
-9
-11
0
-1
9
4
8
0
-4
-2
-1
4
5
3
0
-10
0
0
-2
-2
-4
-4
1
0
-7
-6
-5
5
13
7
2
4
3
2
7
24
24
14
9
3
-1
-7
-9
-11
-16
-5
-3
-7
-9
-10
-6
-9
0
0
5
13
18
8
3
0
0
-7
-3
2
2
1
0
5
9
3
-2
-6
-7
-2
-4
-1
-3
1
2
2
-1
-5
0
0
0
0
20
17
0
-1
-2
0
4
5
4
2
-2
-5
-9
-10
-14
0
0
15
15
0
1
8
0
0
0
10
5
0
0
0
0
3
-3
-7
-5
-19
-7
-6
-1
0
-1
-1
0
-3
-18
-19
-3
0
0
0
0
9
10
10
14
14
11
4
3
-2
-4
-9
-18
-26
0
8
-1
0
-10
0
0
-10
-10
0
-14
0
-17
-15
-5
-6
-5
-12
-30
-9
-7
1
4
2
5
0
2
0
0
-10
-9
0
0
0
0
1
3
12
0
0
6
8
0
4
6
-3
-12
-14
-10
-12
-9
-15
-21
-13
0
0
-1
0
-4
-8
-9
-6
-4
0
-3
-29
-3
-2
1
6
7
7
0
-3
0
0
6
-8
0
0
10
0
-2
3
0
-3
0
0
-11
-4
0
4
13
2
-9
-11
-1
0
-7
-10
-4
0
2
0
0
8
1
-1
0
0
-6
-3
-17
2
1
1
3
4
0
0
-1
8
0
0
4
1
-16
0
-12
1
0
-1
0
-10
0
-8
-3
-1
0
5
7
-1
-7
0
0
1
3
2
1
2
6
0
15
16
6
0
0
-4
-10
-2
2
5
7
6
8
2
-4
0
0
0
-7
0
0
2
0
-8
-1
0
0
0
-10
-3
-1
-8
0
8
0
4
0
2
0
-7
-7
-1
0
0
0
-3
0
0
6
1
0
0
2
1
23
6
10
8
10
14
21
0
0
0
0
11
1
1
7
7
-5
0
2
0
-3
-2
0
0
-5
-13
0
-8
0
3
2
-2
0
8
0
0
0
0
-2
-3
-17
-22
0
0
-1
-2
9
34
4
11
9
13
13
4
-1
-11
0
0
0
0
0
8
14
-5
-13
0
-7
-2
2
-2
0
-3
-5
-6
2
-1
0
-2
2
0
13
4
-3
-5
0
-3
0
-1
-3
4
0
0
2
8
34
-3
-3
1
4
0
-17
-18
-10
-14
-9
-10
1
0
0
0
0
-1
-8
-4
3
0
0
-3
-2
2
0
0
0
-7
-5
1
0
0
4
0
0
0
1
1
2
7
3
-3
-2
3
8
30
-6
-9
-8
-6
-7
-12
-11
-9
-12
-13
-7
0
0
0
-3
0
0
0
0
0
-7
-4
-3
3
0
0
-5
-10
-5
-5
-4
-9
-9
-1
2
-1
-11
-6
-1
0
5
-2
-2
-1
-1
4
23
-3
-1
-5
-10
-6
3
3
1
-3
-9
-11
-19
-13
-15
-5
5
4
4
-1
-2
-6
-6
-4
1
0
-3
0
0
-3
0
5
1
0
0
0
0
0
-3
0
0
0
0
-3
-4
-1
3
14
1
-2
-4
-5
-5
0
7
11
3
-2
-5
-8
-7
-3
4
6
12
0
-2
-4
-3
-2
-3
0
-1
5
0
3
10
6
0
-1
0
-11
1
0
0
1
0
-13
-8
0
-2
-4
-2
-1
0
-6
-11
-7
-7
-8
-15
0
13
9
3
-1
-3
0
6
2
-2
5
-1
-5
-3
-3
0
3
0
-5
0
-3
5
6
3
2
2
0
0
-1
-3
0
-1
-4
0
0
-11
-3
-5
-3
-3
-7
-2
-2
-5
-8
-7
-11
-11
0
14
6
2
0
0
4
0
6
0
-9
-9
-6
-2
-1
0
0
0
0
2
0
0
0
0
3
0
0
1
-5
0
-6
-1
0
-2
-3
0
2
-3
-5
-13
1
-1
0
0
-1
-1
-4
-2
0
10
3
-1
-1
1
4
0
-7
-9
-9
-7
-3
-2
-3
0
0
0
-3
0
-1
-6
-5
2
0
0
0
-2
-2
1
0
2
1
-3
-3
-2
-3
-5
-15
11
10
3
2
0
2
2
0
0
0
0
1
3
7
9
0
-13
-11
-9
-8
-3
2
3
0
-3
-1
-3
0
-3
0
-1
-7
0
-1
0
3
-2
-5
0
2
0
0
0
-2
-4
-6
-14
10
10
3
-3
-6
-7
0
-1
0
3
0
0
4
12
0
-7
-11
-9
-9
-2
2
5
5
-6
0
-2
-8
0
0
4
3
1
0
0
0
0
0
2
0
8
2
-1
-4
-1
-2
-4
-10
-1
-1
-6
-10
-11
-14
-17
-5
-6
0
0
0
5
14
0
-5
-6
-7
-4
1
1
3
0
-1
3
4
7
0
0
5
6
-1
-3
0
0
1
0
-1
0
4
0
0
0
4
5
2
-3
-13
-6
-7
-12
-14
-11
-11
-3
0
2
0
2
6
0
-5
-6
-6
-4
1
3
1
0
0
0
-6
0
0
0
15
5
5
3
-2
-3
-1
1
0
-4
0
0
0
0
0
11
11
8
10
-15
-12
-6
-6
-10
-7
-5
-5
-7
-4
0
1
1
0
-5
-9
-6
-3
2
3
4
0
0
0
-4
0
-3
-3
-7
0
0
1
0
0
0
0
0
-5
0
-2
0
3
-2
0
5
9
25
-12
-6
-5
-5
-6
-7
-5
-6
-6
1
3
-1
1
-1
-3
-7
-4
-2
0
3
3
0
0
-3
-1
0
0
0
-8
0
4
-4
-1
-1
4
1
-2
-9
-10
-1
-4
-5
-4
0
-2
7
26
-7
-3
-2
-1
-1
-4
-7
-4
0
6
0
3
1
0
-4
0
-1
-3
-5
-4
-4
-1
0
3
-3
-12
-10
-11
-10
-5
-4
-2
-6
0
0
-2
0
2
-6
0
0
0
0
-5
-8
3
29
-4
-2
0
0
0
4
5
3
1
0
0
-3
0
0
-2
3
5
2
0
0
4
6
7
0
-3
-10
-9
-13
-13
-11
-15
-8
-5
1
-5
-6
2
1
3
0
0
0
0
-3
-3
3
26
-2
-1
-1
-1
2
5
7
8
0
0
0
1
6
6
4
6
7
6
0
0
2
12
6
0
-8
-7
-7
-12
-12
-11
-13
-8
-7
-5
0
-3
-8
-7
-4
-6
-5
-3
-6
0
-2
2
27
4
1
-1
1
2
4
6
3
0
0
1
6
-4
2
8
12
12
10
2
0
0
0
0
-2
0
-4
-4
-7
-12
-11
-11
-9
-6
-3
0
-4
-10
-10
-6
-6
-4
-4
-5
-6
-2
8
30
3
3
2
2
2
3
4
7
0
-1
3
0
4
-1
0
17
20
8
0
0
0
0
0
0
0
0
-3
-5
-8
-10
-11
-8
-8
-8
-10
-11
-11
-11
-7
-6
-4
-5
-6
-5
-2
6
26
-1
4
3
2
3
4
4
0
-1
0
0
-16
0
-11
-11
0
8
2
-1
-3
-1
0
0
0
5
2
-2
-4
-5
-6
-9
-9
-10
-10
-13
-8
-7
-6
-5
-4
-3
-2
-2
-3
-2
0
19
-10
-1
2
5
4
1
-2
-3
-7
-10
-9
-14
-11
-11
-14
-13
0
-1
-1
0
0
-11
-11
-13
-15
-7
-4
-3
-2
-2
-3
-4
-5
-5
-7
-6
-5
-2
-1
0
1
2
4
1
1
2
12
-15
-9
-1
6
7
2
-1
-3
-5
-9
-12
-11
-12
-10
-12
-14
-2
-2
-3
-3
-2
-8
-10
-10
-9
-6
-4
-1
1
2
4
4
3
2
-1
-1
1
1
3
4
5
9
9
7
3
1
6
-17
-4
-3
-2
-4
-4
-3
-1
-3
-7
-9
-7
-7
-9
-11
-7
-3
-3
-3
0
-1
-6
-8
-8
-6
-6
-5
-4
-1
3
4
5
5
3
-1
-4
0
2
1
2
2
3
5
3
1
3
3
-29
-22
-32
-32
-27
-30
-24
-15
-16
-26
-22
-20
-25
-23
-23
-23
-22
-21
-17
-10
-13
-20
-26
-21
-22
-26
-24
-31
-30
-21
-18
-17
-16
-20
-25
-23
-22
-21
-20
-20
-18
-13
-12
-9
-21
-11
-11
-29
-49
-56
-59
-55
-54
-50
-48
-43
-47
-43
-41
-42
-39
-37
-35
-34
-30
-32
-27
-29
-33
-34
-34
-35
-40
-42
-43
-40
-41
-42
-37
-37
-39
-40
-44
-39
-35
-36
-37
-37
-39
-38
-40
-41
-34
-20
119
178
206
217
238
220
258
237
219
261
277
260
292
305
277
294
300
283
264
259
237
239
262
221
267
233
231
247
254
278
262
235
255
158
257
256
246
213
248
228
224
228
231
214
232
191
155
194
165
142
163
175
173
179
175
192
188
186
177
148
165
149
175
188
197
184
201
205
187
184
155
193
187
165
179
182
187
178
195
192
191
187
178
187
193
181
164
156
144
171
167
176
144
209
202
140
64
49
45
40
43
52
46
49
50
39
44
52
65
80
91
119
110
104
89
76
64
61
58
66
65
70
68
64
59
57
68
72
69
54
53
56
58
56
45
49
47
48
59
77
188
188
132
45
32
28
25
23
25
25
24
24
22
20
16
24
7
-6
7
39
62
54
56
51
47
55
50
48
55
63
61
56
52
50
48
46
40
38
40
43
40
37
33
34
39
44
73
154
149
99
37
26
20
18
15
11
16
14
14
14
8
-2
-8
-21
-45
-40
-4
0
21
31
40
43
49
41
44
46
70
68
56
51
49
47
45
43
41
42
41
38
38
39
37
36
35
66
130
134
76
23
16
12
11
9
8
8
9
8
7
6
-1
-10
-20
-32
-25
0
0
0
21
32
32
27
26
20
0
49
58
55
48
47
48
51
46
47
41
34
31
33
38
39
37
31
45
96
89
56
16
10
9
9
6
6
9
9
8
8
8
6
-1
-10
-14
-11
-5
7
0
5
15
8
14
17
3
-20
-1
29
47
36
37
41
51
45
44
35
31
25
39
43
37
29
22
34
73
58
30
12
9
8
8
7
6
10
10
10
10
11
14
13
7
2
-1
0
10
12
5
15
3
0
12
12
10
-24
-17
10
5
21
49
48
33
31
22
0
0
29
48
44
11
3
21
60
42
25
6
4
5
7
9
10
10
13
17
16
11
14
17
16
14
10
-2
4
-6
13
11
3
0
1
1
43
34
-6
-12
0
0
31
70
0
-17
-9
-32
-16
-21
8
23
0
9
17
46
30
21
5
3
4
8
8
11
13
21
25
30
21
16
17
16
22
19
10
0
-4
3
0
0
-12
-25
-32
-1
25
27
24
9
-23
-2
-5
-17
-4
-2
0
-3
14
13
0
3
17
17
34
15
8
1
1
4
6
11
11
16
22
32
34
27
9
10
10
23
25
34
13
26
10
0
0
-30
-8
-36
-27
-7
-12
13
11
-6
-30
-35
-21
0
0
0
0
17
5
-17
-17
1
17
33
7
-8
-6
-3
3
11
17
22
20
19
25
42
57
20
0
6
15
51
17
0
46
0
-8
-7
0
0
9
0
-19
-65
-35
0
10
22
18
1
-9
0
0
38
36
-3
10
7
3
22
38
7
1
-2
5
10
17
22
31
28
20
8
1
0
21
7
10
46
34
-10
-20
22
-2
1
7
4
2
2
-7
-27
-32
-24
0
0
25
5
0
4
-1
-12
-11
0
-4
4
-5
-1
4
21
11
6
7
8
19
22
30
39
42
26
5
-20
-38
-31
-27
-10
-7
0
-14
-23
-26
-3
-2
24
12
23
0
-6
-3
-2
12
13
8
1
-16
0
0
-4
3
-8
-16
-5
0
-16
-12
-8
-1
8
5
3
6
8
7
23
54
55
39
21
10
-3
-14
-24
-25
-35
-16
-8
-17
-20
-27
-24
-24
0
4
10
36
41
21
13
-10
0
-17
2
3
5
8
3
4
23
7
-12
-15
-13
-5
-4
-4
-3
2
3
4
0
-4
2
2
9
0
49
35
1
-1
-4
-3
6
9
10
4
-5
-13
-20
-25
-35
-19
4
47
34
-7
-5
10
1
0
4
21
9
0
-4
-8
-2
3
-10
-16
-10
-16
-10
-9
0
2
0
2
0
-10
-42
-35
-6
5
-1
0
0
30
29
24
29
34
33
18
9
-3
-8
-19
-42
-61
0
24
0
-7
-15
0
0
-18
-21
0
-29
-27
-39
-38
-17
-13
-11
-21
-33
-10
-8
1
7
4
6
0
-3
0
0
-21
-28
-23
0
0
0
13
20
22
-1
-3
17
21
0
14
16
-8
-31
-37
-31
-28
-28
-41
-51
-33
0
-3
-3
0
-5
-18
-19
-11
-5
0
-7
-26
-1
0
5
12
14
15
-2
-6
0
0
12
-14
4
7
17
-11
-5
11
0
-3
0
2
-27
-9
0
26
26
5
-22
-24
-4
-5
-18
-20
-12
-1
3
3
-1
22
7
0
-2
1
3
-4
-11
5
3
4
9
12
4
-7
8
22
7
11
6
-4
-35
-2
-17
-3
-1
-6
0
-25
-13
-25
-10
3
-4
18
20
-3
-12
0
0
4
5
6
4
9
14
4
36
35
17
1
0
-16
-19
-10
10
14
16
16
22
9
0
1
-7
0
-13
9
15
1
0
-21
-4
1
8
0
-27
-11
-2
-7
0
3
1
13
3
0
-4
-9
-13
-9
0
-2
0
-2
1
9
48
14
0
2
-2
-6
8
16
19
20
27
39
46
27
0
1
8
17
8
6
19
10
-11
10
7
0
-8
-1
0
0
-18
-41
-29
-18
0
3
4
-1
0
21
2
0
3
0
-10
-20
-34
-55
0
0
-2
-2
11
26
12
20
22
35
43
12
-32
-9
1
1
-23
0
0
21
33
-12
-30
-3
-19
-4
1
-5
0
-7
-11
-9
4
-7
-4
-4
6
0
38
3
-5
-11
7
-2
0
-7
-7
15
3
6
4
14
33
-2
-2
3
13
0
-45
-42
-29
-38
-29
-24
-4
-11
-6
7
0
-2
-14
-2
6
0
0
-9
-4
2
0
0
-12
-19
-12
1
5
25
6
0
-4
0
-4
8
12
21
7
-7
-3
5
14
29
-10
-17
-17
-21
-24
-28
-23
-24
-31
-30
-16
-21
-7
-6
-7
0
0
0
0
0
-21
-8
-5
4
3
-10
-11
-19
-13
-9
-6
-16
-9
7
11
-3
-22
-14
-4
0
13
-6
-9
-6
-2
7
20
-4
-4
-12
-22
-11
9
9
3
-9
-22
-30
-42
-40
-34
-9
8
6
19
-5
-4
-12
-14
-9
0
-7
-14
0
0
-5
2
6
5
2
0
0
0
0
-5
0
0
6
9
-5
-8
-3
3
14
-5
-7
-9
-12
-7
10
26
22
8
-4
-14
-17
-17
-5
15
13
28
11
-5
-9
-10
-7
-5
-2
-8
12
2
6
21
13
2
1
0
-28
-4
0
0
-7
0
-22
-14
0
-11
-7
-1
1
1
-13
-18
-14
-16
-23
-34
0
31
20
7
-2
-5
-2
10
9
0
16
-12
-14
-8
-7
0
8
0
1
1
-9
8
23
11
5
-1
-6
0
-3
-9
4
-6
-18
0
0
-27
-4
-6
-3
-3
-7
-6
-8
-12
-15
-20
-30
-27
0
33
16
7
3
2
7
-1
7
0
-24
-22
-13
-6
-2
1
1
-4
0
4
5
5
3
0
7
1
4
5
-15
0
-5
-3
-1
-4
-13
0
2
-6
-8
-14
1
0
1
-1
-4
-7
-6
-3
10
22
7
0
0
5
11
10
-20
-27
-21
-13
-5
-4
-11
-3
0
0
-5
3
-8
-14
-9
4
0
4
4
-3
-3
-10
-3
3
1
-9
-7
-5
-7
-10
-17
14
15
9
7
2
4
8
-4
-5
8
3
2
7
19
24
-4
-30
-26
-19
-13
-3
5
10
4
-6
-9
-4
3
-4
0
-2
-8
0
1
3
4
-1
-7
0
7
-2
0
0
-8
-9
-12
-17
16
17
6
-5
-11
-19
0
-2
0
3
0
1
14
32
12
-12
-25
-19
-14
-5
4
12
18
-11
0
-11
-28
0
0
5
5
1
0
1
0
0
0
4
3
25
12
-2
-6
-5
-6
-7
-11
0
-2
-10
-17
-25
-29
-40
-19
-11
0
0
0
17
39
0
-21
-17
-13
-6
2
5
10
3
2
6
15
18
0
0
17
14
-2
-5
-1
1
0
-2
-1
1
12
-1
0
0
8
10
5
0
-13
-11
-15
-19
-23
-26
-24
-10
0
-4
0
5
13
3
-9
-16
-14
-7
2
6
4
3
-3
0
-17
-1
0
0
33
19
13
4
-11
-6
7
1
0
-18
-2
-1
0
0
0
30
30
15
12
-20
-20
-12
-12
-16
-16
-14
-15
-23
-11
0
2
9
2
-10
-17
-13
-4
3
7
8
1
0
-8
-5
3
-8
-3
-31
0
2
1
-2
0
0
7
0
-8
0
-3
4
9
-1
0
15
18
24
-16
-14
-9
-8
-10
-14
-14
-18
-12
2
10
1
3
-7
-13
-13
-8
-6
-2
3
5
0
0
-7
-7
0
0
0
-22
-5
12
-7
-7
1
9
0
-9
-19
-30
-10
-12
-12
-8
-12
-2
14
27
-8
-6
-3
-2
-2
-7
-9
-9
0
10
-2
4
-2
-3
-9
-2
-1
-4
-9
-6
-5
-4
3
15
-9
-31
-23
-31
-25
-17
-14
-8
-12
-5
-11
-8
2
1
-12
0
0
-1
0
-16
-17
3
23
-4
-1
0
0
2
6
9
6
2
1
-6
-7
-1
-1
-5
6
10
7
0
0
4
15
19
0
-13
-22
-23
-30
-32
-31
-32
-21
-12
-2
-13
-15
8
12
9
0
0
0
0
-9
-9
2
20
-1
-1
-1
0
3
9
15
18
2
0
1
2
12
16
9
18
20
17
4
0
17
30
16
12
-14
-17
-19
-22
-26
-28
-24
-19
-14
-9
-1
-11
-20
-20
-11
-14
-13
-10
-11
-2
-4
1
21
4
2
-1
1
4
7
14
8
1
0
2
21
0
3
25
32
28
23
4
0
2
0
0
3
-1
-8
-9
-16
-22
-24
-20
-19
-15
-11
-16
-16
-24
-23
-17
-15
-12
-12
-11
-10
-3
8
24
7
7
4
3
5
5
14
26
0
-4
11
0
7
-2
5
43
36
20
6
0
3
-4
0
-1
2
1
-6
-10
-14
-16
-18
-17
-19
-22
-28
-26
-20
-19
-14
-12
-9
-10
-11
-9
-3
8
24
5
9
5
5
6
7
7
1
-3
-4
-9
-40
-25
-28
-29
1
21
11
1
-11
-5
3
0
0
4
0
-6
-8
-9
-11
-14
-15
-18
-22
-23
-19
-15
-12
-9
-6
-6
-4
-4
-4
-4
-1
12
-9
0
4
8
7
4
-5
-12
-20
-23
-25
-30
-30
-28
-32
-33
0
2
-3
-6
-3
-26
-36
-32
-31
-14
-9
-5
-3
-3
-4
-5
-7
-9
-13
-11
-9
-4
-1
0
2
3
4
3
2
4
8
-16
-13
-1
8
10
3
-4
-11
-16
-22
-25
-22
-21
-24
-29
-31
-5
-5
-8
-8
-7
-18
-24
-24
-20
-13
-7
-3
1
5
7
7
5
2
-2
-3
-1
2
3
6
9
11
13
10
5
3
6
-17
-12
-7
-6
-7
-6
-5
-5
-9
-16
-17
-16
-18
-21
-23
-19
-13
-11
-10
-4
-4
-11
-17
-16
-17
-14
-9
-5
-1
5
11
11
10
4
-1
-3
0
3
3
2
4
8
9
6
2
4
3
-30
-33
-40
-41
-38
-39
-26
-24
-25
-31
-31
-29
-35
-32
-32
-33
-30
-30
-26
-17
-16
-25
-29
-29
-31
-34
-31
-27
-22
-19
-18
-16
-15
-19
-24
-24
-20
-23
-24
-23
-21
-18
-16
-16
-23
-16
-12
-33
-57
-59
-61
-57
-55
-51
-52
-47
-48
-45
-45
-43
-41
-39
-38
-38
-36
-34
-32
-32
-37
-36
-36
-40
-43
-45
-42
-37
-38
-40
-35
-33
-35
-40
-43
-38
-37
-38
-39
-38
-39
-44
-43
-43
-37
-22
88
109
141
143
133
160
140
152
147
154
159
166
165
173
169
173
187
174
182
182
223
197
216
150
158
161
158
148
157
155
173
170
150
147
161
157
150
157
165
149
169
148
146
158
155
142
153
161
185
133
152
153
148
137
128
154
145
120
91
173
178
173
188
206
224
214
226
229
231
226
227
225
229
215
206
208
213
218
245
257
271
259
232
238
239
234
232
228
194
228
245
209
210
226
234
224
232
233
233
219
219
214
216
227
218
225
229
219
212
207
179
209
207
206
205
193
178
192
167
172
120
104
103
102
106
101
103
106
113
114
106
104
101
100
108
111
122
143
168
194
195
172
166
152
133
127
120
115
121
122
113
121
128
119
121
112
112
115
115
117
119
116
110
110
110
112
116
106
100
88
106
100
103
114
112
136
186
175
168
103
67
52
46
46
44
46
50
48
47
47
49
44
45
51
57
70
86
93
130
144
146
137
116
100
90
80
77
76
80
84
89
91
90
87
81
74
69
70
74
75
75
62
56
59
65
68
64
57
52
56
56
60
70
74
114
148
160
154
88
54
40
36
31
29
28
29
31
29
28
29
27
23
21
26
26
8
-17
-1
0
94
97
85
82
79
69
69
75
76
80
78
84
90
97
89
81
72
66
61
63
61
56
51
54
58
59
57
54
47
47
49
53
61
72
109
122
124
127
75
47
35
27
25
19
18
17
19
19
17
17
16
12
3
-4
-9
-32
-68
-78
-40
0
19
37
51
62
66
66
71
74
71
76
81
103
105
93
87
78
70
64
65
65
62
60
59
61
62
58
55
54
53
53
53
56
64
96
108
113
108
56
37
28
21
18
14
12
11
13
13
12
11
11
9
0
-10
-18
-34
-50
-63
-30
0
0
12
32
51
57
56
54
57
57
41
36
86
94
87
83
73
73
69
72
71
69
64
66
63
60
55
56
57
61
58
56
54
56
79
93
89
82
41
23
17
15
13
10
9
8
10
12
11
10
11
10
5
0
-11
-22
-31
-33
-23
-11
11
13
21
40
46
39
41
43
35
0
0
25
62
91
79
72
69
75
76
82
79
71
70
64
50
45
53
62
58
65
62
56
48
62
71
63
60
33
18
14
13
12
10
8
8
10
13
15
15
14
15
12
11
4
-8
-9
-11
-10
-2
15
12
3
19
26
15
16
30
32
7
-28
-29
4
43
53
43
49
66
79
79
68
62
62
42
43
30
58
77
70
59
47
39
36
51
56
49
41
24
17
13
11
10
10
9
9
12
14
15
18
18
20
21
21
18
14
7
3
2
4
16
14
0
14
22
8
0
10
21
37
25
-18
-41
-26
4
11
19
64
88
81
48
32
37
-3
-16
0
41
68
85
65
26
16
19
39
50
37
32
16
11
9
8
10
11
12
13
14
16
21
25
23
19
23
26
26
25
23
19
8
-1
9
10
17
19
17
4
0
0
0
42
68
46
0
-21
-17
-1
0
0
76
81
26
0
-8
-30
-39
-18
-21
16
57
59
0
0
8
26
40
28
28
14
7
7
7
10
12
13
16
17
25
29
34
35
31
27
28
27
30
38
31
26
4
0
-3
-3
4
0
-1
-2
-5
-32
0
16
57
45
28
24
6
-30
-23
12
20
-24
-14
-13
-13
-9
-11
0
14
-11
6
11
13
12
21
26
19
19
10
4
6
9
11
15
17
18
25
31
39
48
52
47
35
25
26
29
43
44
33
3
0
18
32
13
0
0
-8
-43
-73
-85
-31
12
5
32
41
29
-12
-46
-46
-43
-43
-5
0
11
0
0
16
32
-5
-21
-14
4
10
19
23
7
4
2
0
3
9
12
17
21
23
26
32
43
57
63
61
31
8
15
21
36
51
65
66
36
59
67
0
0
0
-26
0
-12
-27
-9
0
-66
-34
7
13
8
-9
-27
-28
-30
-7
0
31
0
0
26
25
1
-13
-8
0
12
24
28
1
-5
-6
-4
1
8
17
25
33
35
32
30
35
41
61
81
61
0
0
17
21
62
69
17
0
48
62
-1
-18
-15
-7
0
0
9
-7
-38
-83
-85
-48
0
9
24
32
19
1
-6
-7
0
9
33
62
21
4
21
17
9
14
27
29
4
2
-2
0
7
12
23
32
39
43
41
34
22
15
22
35
38
5
1
7
29
67
32
-23
-25
18
15
-8
-4
5
8
2
0
-9
-16
-38
-56
-61
-48
0
0
16
33
12
0
-3
-3
-8
-18
-3
18
0
3
18
2
0
3
14
18
7
7
6
7
12
19
28
35
50
56
55
46
25
-2
-20
-30
-23
-15
-10
0
10
26
1
-23
-30
-16
-12
3
15
25
26
29
19
9
-12
-22
-22
-13
1
8
0
13
-16
-16
0
0
-1
1
0
-14
-21
-21
-4
6
-13
-15
-12
-6
1
7
5
5
9
11
19
26
36
53
68
73
63
43
18
-10
-32
-37
-39
-38
-45
-53
-30
0
-21
-30
-34
-34
-27
-13
5
4
22
29
-1
13
20
17
18
29
18
15
13
-23
-14
0
0
2
8
9
6
-2
-8
-18
-23
-24
-20
-14
-8
-5
3
3
2
5
8
11
12
19
42
69
78
68
51
40
33
11
-6
-19
-27
-35
-46
-32
-13
-10
-15
-22
-30
-35
-37
-38
-17
-8
3
19
56
74
51
21
9
-12
0
0
-5
18
12
9
13
12
7
-4
12
18
-5
-24
-26
-21
-14
-8
-7
-6
-5
0
3
6
7
6
4
13
8
6
16
11
0
56
45
7
-1
-2
-6
-4
2
7
15
17
12
1
-12
-22
-28
-34
-50
-42
-23
4
57
78
9
-22
-25
0
8
0
-1
8
19
13
-1
-7
-14
-29
-20
-13
-16
-20
-23
-19
-16
-17
-11
-13
-4
3
4
3
3
4
1
-27
-52
-49
-30
2
38
22
0
0
2
41
41
34
36
44
47
46
32
17
5
-5
-13
-27
-49
-72
-69
-17
17
6
-11
-21
-15
0
-2
-15
-13
-8
0
-4
-28
-27
-47
-60
-41
-27
-21
-18
-19
-27
-26
-10
-11
-4
4
6
3
3
4
-1
-6
-7
-14
-13
-9
-11
-10
0
0
22
55
61
42
45
41
25
21
27
34
21
7
16
12
-12
-38
-62
-61
-51
-17
-27
-41
-54
-54
-53
-29
0
-8
-9
-3
-1
-11
-27
-38
-35
-24
-11
-7
-11
-22
-25
-5
-5
2
10
15
14
11
-1
-17
-12
0
0
-5
-42
-54
-12
10
1
18
6
6
21
19
14
-6
-2
13
21
4
0
0
36
29
6
-24
-47
-51
-36
-28
-32
-45
-59
-58
-28
0
0
-3
8
0
10
0
-6
-7
-2
2
8
1
-8
-15
3
4
5
12
18
20
19
9
-13
-5
0
0
28
13
1
14
-2
4
3
-21
-12
3
1
-7
-3
-8
1
0
-32
-19
0
9
42
38
12
-17
-31
-21
0
0
-13
-19
-15
-5
0
4
0
1
3
37
29
20
13
3
0
18
2
-6
-8
7
8
9
14
19
21
12
-1
-11
15
20
15
25
0
6
-8
-35
-24
-12
-21
-13
-3
-14
1
5
-30
-44
-34
-41
-24
3
-2
16
37
28
2
-14
-13
0
0
1
-4
4
9
7
8
15
-1
6
46
52
42
17
0
0
-17
-25
-19
-10
12
18
22
24
24
28
21
3
0
6
-3
-1
-21
-3
13
21
-3
0
-19
-25
-8
1
2
0
0
-38
-40
-15
-18
-8
5
2
-22
5
24
9
-4
-7
-3
-4
-11
-17
2
3
1
0
14
10
11
24
68
57
4
0
6
-10
-16
-12
-4
18
22
25
30
40
53
51
44
32
0
4
2
-4
0
6
9
14
6
-10
-12
9
9
8
-7
-12
-12
-6
0
0
-15
-48
-35
-37
-11
12
8
2
4
1
0
7
-7
0
0
-1
-6
-16
-24
-8
0
-17
14
0
0
-3
-8
-1
9
12
19
25
27
37
55
71
58
32
-4
-1
0
5
6
5
16
23
34
36
9
-18
-4
5
-10
-25
-18
-5
-3
0
0
-18
-51
-58
-44
-21
-9
-4
-3
2
4
12
48
29
0
0
4
14
8
-7
0
-14
-53
-26
0
0
2
5
9
21
26
13
16
21
36
50
51
11
-27
-36
-6
-5
-7
-29
-38
-23
-12
7
35
22
-20
-38
-31
-30
-21
-2
5
0
1
-2
-13
-11
-3
4
-2
-15
-15
-12
-3
7
0
39
52
0
0
-8
9
16
4
0
1
5
25
28
9
9
7
14
25
29
0
-1
1
6
16
2
-38
-64
-53
-49
-55
-51
-46
-34
-25
-27
-20
4
9
0
0
-12
-7
4
9
-2
0
0
-15
-6
0
5
1
-23
-28
-35
-26
-7
0
-1
23
38
0
0
-8
-21
-20
0
22
20
27
30
9
-5
-2
5
12
22
26
-9
-16
-16
-22
-35
-38
-50
-46
-42
-46
-52
-53
-43
-29
-24
-17
-13
-10
0
0
0
1
8
0
0
-22
-11
-5
-7
-3
3
-7
-21
-31
-39
-32
-21
-7
-9
-10
-1
10
0
0
-3
-27
-30
-1
-6
2
18
7
-14
-18
-10
-2
5
15
20
-10
-13
-16
-26
-37
-34
-16
-7
-10
-16
-26
-35
-41
-49
-61
-53
-46
-32
-11
0
0
14
-1
-8
0
-17
-21
-19
-9
-2
-6
-14
-19
0
0
-5
-4
2
3
13
31
36
28
22
10
-1
-10
-3
4
21
23
16
8
-8
-11
-6
0
10
15
-6
-5
-10
-17
-24
-16
13
31
24
10
-2
-16
-29
-38
-45
-46
-36
-15
14
14
14
28
0
-7
-17
-18
-18
-15
-6
2
-8
-16
1
0
2
6
11
9
5
4
0
0
0
0
0
0
-13
2
0
-5
-3
-1
2
-13
-10
-4
1
7
9
-11
-15
-14
-15
-19
-14
4
29
42
37
21
5
-12
-21
-23
-21
-9
12
18
18
30
28
-6
-12
-17
-17
-13
-6
1
15
3
6
18
2
11
32
25
14
5
-1
-7
-39
-30
-12
0
0
-7
0
0
0
0
-19
-24
-18
-6
-1
1
0
1
-15
-22
-20
-20
-24
-31
-44
-11
21
43
35
19
7
-4
-8
-7
4
17
14
12
28
3
-19
-20
-18
-14
-7
4
4
0
9
14
7
-4
13
30
24
13
5
-6
-18
-12
0
-8
-15
-1
-5
-32
-30
0
0
-32
0
0
0
-2
-2
-5
-6
-12
-14
-17
-22
-26
-33
-46
-50
-16
15
41
29
18
9
3
2
7
9
-12
2
10
-17
-37
-30
-21
-13
-6
4
-2
-9
-6
2
-8
1
13
16
17
7
2
4
-2
3
6
2
-21
-10
-5
-11
-19
0
0
-24
-4
13
-1
-6
-8
-11
-12
-5
-5
-7
-9
-12
-19
-24
-32
-22
-4
24
33
20
13
6
3
6
5
-4
-1
-19
-37
-42
-32
-23
-12
-7
-15
-21
-11
-2
0
0
5
13
5
0
-15
-6
4
5
7
4
3
-10
0
-7
-3
-6
-2
-5
-26
-12
-4
-3
-8
-11
-15
-16
5
6
6
7
2
0
-6
-5
-1
3
14
34
21
10
4
3
13
21
22
-1
-37
-44
-38
-30
-20
-10
-3
-1
0
5
-2
0
0
2
3
-10
-11
-17
-7
1
2
5
7
1
-2
-2
-14
-21
-7
4
0
-3
-6
-9
-14
-14
-14
-17
-16
14
19
15
10
7
0
-3
7
1
-2
9
14
5
5
6
14
28
40
30
-10
-36
-36
-32
-26
-16
-6
5
16
17
0
-3
-10
-14
-6
8
5
0
-2
-3
-5
4
11
2
2
3
4
1
-1
0
13
4
-1
0
-5
-12
-12
-14
-17
-17
15
19
13
3
-5
-11
-21
-28
-20
-8
0
6
12
0
3
21
41
52
26
-13
-34
-29
-25
-17
-7
2
15
28
21
-11
0
-7
-31
-29
0
0
0
3
3
0
2
4
-3
-3
-3
0
1
2
4
25
24
1
-4
-6
-7
-7
-7
-10
-12
4
5
-2
-13
-21
-30
-38
-48
-51
-16
-16
-14
10
0
0
22
49
36
-6
-26
-29
-23
-17
-8
1
7
14
22
12
0
6
10
14
2
0
0
8
20
18
0
-8
-6
-17
-11
-10
-6
-2
-3
6
19
6
-1
0
0
2
5
7
3
-1
-7
-8
-14
-21
-30
-39
-42
-45
-42
-3
0
-17
-8
0
0
16
40
26
-18
-30
-26
-17
-9
1
7
8
8
6
2
14
-2
7
14
17
9
1
47
44
23
1
-12
-9
-5
2
-3
-10
-15
-14
0
9
8
-9
0
0
29
39
24
15
9
-14
-16
-17
-20
-23
-29
-33
-35
-27
-26
-27
-19
-6
0
10
24
19
3
-19
-24
-21
-13
-3
6
11
11
9
0
5
0
-14
0
-13
-7
2
15
13
22
15
7
2
15
27
26
11
0
0
-24
0
-8
-22
-11
7
9
44
52
35
20
16
-18
-23
-17
-15
-16
-21
-25
-26
-29
-31
-38
-25
0
0
7
17
11
-2
-15
-21
-20
-13
-3
6
12
13
5
0
0
-21
-24
12
2
6
10
-29
-37
0
8
0
-8
0
-10
-3
4
0
0
-31
-23
-14
0
14
9
4
16
25
23
25
22
-17
-18
-14
-12
-11
-15
-20
-20
-25
-26
-20
-5
11
8
6
11
-3
-18
-19
-16
-14
-11
-7
0
4
3
1
0
0
-16
-26
-24
0
7
0
-27
-34
-16
5
-10
-20
-19
-1
8
1
-9
-12
-35
-48
-22
-9
-15
-11
-11
-23
-7
9
22
24
-12
-10
-8
-7
-6
-7
-13
-14
-15
-13
-5
10
5
0
3
1
11
-7
-11
-6
-4
-6
-12
-7
-2
1
-3
0
6
19
-9
-46
-24
-37
-46
-46
-33
-19
-9
-15
-19
-7
1
2
-2
2
0
-10
-13
0
-3
-9
-1
-10
-31
-25
-8
13
20
-6
-4
-3
-3
-2
0
-2
-1
3
1
1
6
-1
-3
-5
-6
0
-12
-2
6
9
5
-1
0
0
-6
0
14
18
10
-20
-45
-38
-40
-53
-50
-51
-50
-43
-30
-22
-19
-28
-37
-25
3
11
12
6
0
0
-10
0
0
-18
-21
-12
7
16
-2
0
1
1
1
3
8
13
19
22
8
1
-9
-19
-12
-3
-2
-3
7
20
19
19
16
0
0
1
29
37
30
0
-23
-35
-35
-39
-47
-51
-52
-50
-47
-34
-23
-15
-1
-13
-18
-10
-12
3
1
0
0
-1
0
0
-7
-13
-7
6
15
1
2
0
1
3
6
12
18
21
23
11
0
0
-1
6
11
14
18
23
37
35
32
28
0
0
17
48
37
15
8
-13
-22
-25
-31
-38
-44
-45
-43
-36
-29
-24
-14
1
-9
-20
-31
-33
-24
-21
-24
-21
-18
-17
-12
-10
-9
-5
6
16
4
4
2
1
4
6
11
17
22
14
1
0
0
11
32
22
9
10
43
48
44
37
20
5
1
6
10
0
0
7
0
-7
-15
-18
-27
-33
-38
-36
-32
-30
-24
-23
-23
-30
-32
-37
-39
-34
-30
-27
-24
-21
-20
-19
-14
-8
-1
11
18
8
9
6
4
5
7
9
15
31
39
17
0
1
23
15
6
-11
0
42
58
51
39
22
8
0
0
-5
-8
8
10
6
2
-7
-13
-19
-22
-24
-26
-27
-26
-28
-28
-36
-44
-40
-37
-34
-28
-25
-21
-19
-19
-20
-19
-14
-7
2
15