0
3
9
13
16
17
22
15
5
9
15
9
16
0
0
-28
-22
-6
6
-11
-26
-31
-39
-1
0
1
1
1
2
1
0
2
5
7
5
2
-3
-8
-11
-8
2
2
5
4
2
2
1
1
5
10
12
11
6
-2
-9
-13
-11
9
8
10
8
4
1
1
4
8
14
19
18
13
5
-1
-5
-6
17
17
17
14
7
1
-1
6
12
20
25
28
24
17
12
8
4
23
24
23
17
8
2
0
6
19
29
38
42
40
33
23
16
10
30
31
26
16
6
2
2
8
24
42
55
65
63
50
36
15
5
39
43
29
12
-2
4
4
14
29
53
77
93
91
73
48
21
2
46
48
29
3
-18
-11
7
25
38
62
98
120
115
90
61
32
10
42
45
22
-10
-33
-28
2
42
64
80
111
130
125
103
72
42
19
25
34
22
-11
-40
-51
-3
61
79
101
121
123
117
96
68
41
20
9
23
37
28
-15
-44
-22
79
66
67
101
94
87
76
58
35
19
-4
11
55
74
52
6
0
0
52
33
34
45
51
51
42
28
13
-3
0
42
72
99
60
0
-1
-19
-9
-6
10
24
29
26
18
11
0
0
-5
15
61
83
35
-54
-63
-37
-15
-1
9
15
16
11
8
-1
-17
-40
-21
-1
13
-7
-48
-52
-21
-3
2
4
8
10
8
5
-47
-57
-57
-55
-48
-30
-47
-62
-20
9
12
6
6
8
10
8
5
-59
-66
-61
-47
-42
-48
-66
-55
5
10
0
-6
2
9
14
11
6
-45
-59
-47
-37
-34
-41
-32
-5
-20
-42
-44
-28
-6
15
24
18
8
-38
-64
-64
-48
-32
-18
11
18
-28
-83
-83
-54
-11
23
34
26
10
-50
-82
-89
-73
-39
8
47
49
1
-59
-77
-50
-8
28
44
31
13
-67
-97
-118
-106
-55
15
69
82
56
14
-13
-5
8
24
33
27
13
-69
-102
-133
-140
-74
20
86
102
104
89
76
37
23
8
12
15
11
-56
-77
-111
-152
-97
21
84
82
102
143
143
108
51
16
2
3
7
-1
0
2
2
3
2
1
4
7
7
1
-4
-12
-11
3
4
7
5
2
2
3
7
14
14
8
-1
-10
-14
12
13
14
11
4
1
6
13
21
25
20
11
5
1
17
23
20
13
5
3
9
22
35
42
40
31
18
11
20
30
24
12
5
5
14
36
55
70
66
51
28
4
26
38
28
5
-3
8
30
47
78
106
99
74
40
11
26
45
21
-11
-21
8
50
75
103
129
120
89
50
21
26
40
23
-16
-47
-10
74
108
130
131
114
87
51
23
21
32
50
35
-18
-24
70
103
90
95
82
67
43
17
25
19
61
91
56
29
0
44
35
37
42
41
29
16
42
0
15
59
86
60
-35
-42
-14
7
16
20
16
8
-22
-13
-42
-14
24
5
-43
-47
-15
0
7
10
9
4
-59
-67
-71
-59
-42
-54
-53
-12
1
0
4
9
10
6
-58
-85
-74
-57
-54
-54
-26
-20
-16
-20
0
10
16
8
-35
-77
-78
-56
-37
-10
3
-40
-67
-51
-10
25
28
11
-36
-83
-97
-71
-18
35
41
-14
-55
-44
-3
33
35
16
-49
-96
-127
-102
-22
64
89
69
28
19
20
26
24
14
-49
-83
-133
-141
-24
93
113
116
126
84
47
18
9
8
-1
0
2
3
4
2
1
4
6
8
2
-4
-13
-13
3
4
6
6
4
3
4
8
14
15
9
0
-10
-13
10
11
12
11
5
4
8
15
22
25
21
12
6
1
14
20
18
14
6
5
11
23
37
43
41
30
19
11
16
26
22
14
6
8
18
40
57
70
67
50
29
7
19
31
25
7
-1
12
36
57
84
105
95
70
41
16
19
35
24
-4
-14
12
61
88
109
122
119
87
50
22
26
42
32
-5
-33
-1
82
125
135
129
113
84
50
20
40
49
60
48
2
-8
50
116
108
98
84
65
42
17
51
43
64
92
67
20
5
40
48
47
46
41
29
16
76
23
25
59
85
62
-19
-33
-5
9
20
20
16
9
-41
-26
-34
-18
18
5
-35
-45
-21
-2
8
10
8
3
-77
-82
-80
-68
-47
-50
-49
-25
-9
-5
2
8
9
8
-68
-103
-91
-76
-64
-57
-29
-23
-25
-22
-2
8
14
6
-50
-95
-96
-69
-41
-13
0
-27
-48
-42
-9
21
24
11
-42
-88
-106
-78
-23
31
41
3
-30
-23
0
30
31
16
-51
-99
-130
-102
-22
65
90
77
42
28
26
29
25
14
-45
-78
-130
-140
-22
99
125
120
118
93
59
31
14
7
-1
-1
1
4
4
3
2
4
5
6
3
-4
-11
-13
3
3
6
6
5
5
6
8
13
14
11
2
-9
-13
8
10
11
10
6
6
10
16
23
25
22
14
7
1
12
17
16
14
7
8
16
27
39
44
42
30
20
10
13
23
20
13
7
11
21
43
61
70
65
48
30
9
12
24
23
9
2
16
41
65
89
102
92
67
43
18
15
33
25
3
-6
12
64
95
113
121
115
83
49
23
29
42
38
5
-21
9
84
135
137
128
110
80
49
21
52
62
68
58
17
5
49
113
114
101
85
64
41
17
75
70
70
88
75
21
17
41
56
54
48
42
29
15
87
44
36
61
85
60
-3
-22
0
12
22
21
16
8
-58
-31
-27
-5
21
5
-27
-42
-21
-3
7
10
8
3
-89
-91
-87
-68
-49
-46
-45
-29
-16
-7
0
7
9
9
-84
-111
-102
-84
-69
-53
-31
-23
-25
-23
-2
8
12
4
-57
-103
-108
-81
-49
-16
-2
-18
-32
-30
-2
18
21
10
-44
-94
-115
-88
-27
27
42
16
-12
-10
8
30
30
17
-47
-96
-130
-107
-25
62
93
82
58
45
38
33
25
14
-41
-76
-125
-133
-24
100
136
123
115
98
73
40
18
6
-1
-2
1
3
4
3
3
3
4
6
4
-3
-11
-12
2
2
4
5
7
6
8
8
12
13
12
3
-6
-13
6
9
10
8
8
8
12
17
23
25
23
14
8
3
10
13
14
11
9
10
20
29
39
45
41
30
20
9
10
19
17
11
12
14
25
46
63
68
60
46
31
11
8
20
20
9
10
20
47
73
94
99
89
63
45
19
12
29
27
7
0
23
65
104
116
122
108
77
50
24
32
47
46
16
-4
23
84
127
139
127
105
76
49
19
59
77
75
66
34
24
61
111
118
101
82
62
41
18
98
96
83
87
80
39
27
50
59
56
47
41
28
16
92
59
50
62
78
53
11
-8
5
14
22
22
17
9
-58
-38
-23
-3
23
5
-19
-32
-21
-4
6
10
8
3
-97
-105
-86
-65
-45
-40
-36
-28
-22
-9
-1
7
8
6
-89
-114
-111
-88
-67
-47
-28
-21
-22
-18
-1
9
8
5
-60
-113
-118
-92
-53
-17
-3
-8
-21
-16
1
17
18
12
-48
-97
-121
-93
-33
22
40
26
7
5
18
28
27
17
-42
-92
-126
-107
-25
58
99
84
69
52
45
36
25
15
-37
-76
-120
-129
-21
97
144
132
114
99
79
48
21
7