26500
26500
26500
26500
26500
26500
26500
26500
26500
26500
26500
26500
26500
26500
26500
26500
26500
26500
26500
26500
26500
26500
26500
28900
31300
33700
36100
38500
41000
43400
45800
48200
50600
53000
55400
57800
60200
62600
65000
67400
28900
31300
33700
36100
38500
41000
43400
45800
48200
50600
53000
55400
57800
60200
62600
65000
67400
28900
31300
33700
36100
38500
41000
43400
45800
48200
50600
53000
55400
57800
60200
62600
65000
67400
28900
31300
33700
36100
38500
41000
43400
45800
48200
50600
53000
55400
57800
60200
62600
65000
67400
28900
31300
33700
36100
38500
41000
43400
45800
48200
50600
53000
55400
57800
60200
62600
65000
67400
28900
31300
33700
36100
38500
41000
43400
45800
48200
50600
53000
55400
57800
60200
62600
65000
67400
28900
31300
33700
36100
38500
41000
43400
45800
48200
50600
53000
55400
57800
60200
62600
65000
67400
28900
31300
33700
36100
38500
41000
43400
45800
48200
50600
53000
55400
57800
60200
62600
65000
67400
28900
31300
33700
36100
38500
41000
43400
45800
48200
50600
53000
55400
57800
60200
62600
65000
67400
28900
31300
33700
36100
38500
41000
43400
45800
48200
50600
53000
55400
57800
60200
62600
65000
67400
28900
31300
33700
36100
38500
41000
43400
45800
48200
50600
53000
55400
57800
60200
62600
65000
67400
28900
31300
33700
36100
38500
41000
43400
45800
48200
50600
53000
55400
57800
60200
62600
65000
67400
28900
31300
33700
36100
38500
41000
43400
45800
48200
50600
53000
55400
57800
60200
62600
65000
67400
28900
31300
33700
36100
38500
41000
43400
45800
48200
50600
53000
55400
57800
60200
62600
65000
67400
28900
31300
33700
36100
38500
41000
43400
45800
48200
50600
53000
55400
57800
60200
62600
65000
67400
28900
31300
33700
36100
38500
41000
43400
45800
48200
50600
53000
55400
57800
60200
62600
65000
67400
28900
31300
33700
36100
38500
41000
43400
45800
48200
50600
53000
55400
57800
60200
62600
65000
67400
28900
31300
33700
36100
38500
41000
43400
45800
48200
50600
53000
55400
57800
60200
62600
65000
67400
28900
31300
33700
36100
38500
41000
43400
45800
48200
50600
53000
55400
57800
60200
62600
65000
67400
28900
31300
33700
36100
38500
41000
43400
45800
48200
50600
53000
55400
57800
60200
62600
65000
67400
28900
31300
33700
36100
38500
41000
43400
45800
48200
50600
53000
55400
57800
60200
62600
65000
67400
28900
31300
33700
36100
38500
41000
43400
45800
48200
50600
53000
55400
57800
60200
62600
65000
67400
28900
31300
33700
36100
38500
41000
43400
45800
48200
50600
53000
55400
57800
60200
62600
65000
67400
27900
30900
33900
36900
39900
42900
46000
49000
52000
55000
58000
61000
64100
67100
27900
30900
33900
36900
39900
42900
46000
49000
52000
55000
58000
61000
64100
67100
27900
30900
33900
36900
39900
42900
46000
49000
52000
55000
58000
61000
64100
67100
27900
30900
33900
36900
39900
42900
46000
49000
52000
55000
58000
61000
64100
67100
27900
30900
33900
36900
39900
42900
46000
49000
52000
55000
58000
61000
64100
67100
27900
30900
33900
36900
39900
42900
46000
49000
52000
55000
58000
61000
64100
67100
27900
30900
33900
36900
39900
42900
46000
49000
52000
55000
58000
61000
64100
67100
27900
30900
33900
36900
39900
42900
46000
49000
52000
55000
58000
61000
64100
67100
27900
30900
33900
36900
39900
42900
46000
49000
52000
55000
58000
61000
64100
67100
27900
30900
33900
36900
39900
42900
46000
49000
52000
55000
58000
61000
64100
67100
27900
30900
33900
36900
39900
42900
46000
49000
52000
55000
58000
61000
64100
67100
27900
30900
33900
36900
39900
42900
46000
49000
52000
55000
58000
61000
64100
67100
27900
30900
33900
36900
39900
42900
46000
49000
52000
55000
58000
61000
64100
67100
27900
30900
33900
36900
39900
42900
46000
49000
52000
55000
58000
61000
64100
67100
27900
30900
33900
36900
39900
42900
46000
49000
52000
55000
58000
61000
64100
67100
27900
30900
33900
36900
39900
42900
46000
49000
52000
55000
58000
61000
64100
67100
27900
30900
33900
36900
39900
42900
46000
49000
52000
55000
58000
61000
64100
67100
27900
30900
33900
36900
39900
42900
46000
49000
52000
55000
58000
61000
64100
67100
27900
30900
33900
36900
39900
42900
46000
49000
52000
55000
58000
61000
64100
67100
27900
30900
33900
36900
39900
42900
46000
49000
52000
55000
58000
61000
64100
67100
27900
30900
33900
36900
39900
42900
46000
49000
52000
55000
58000
61000
64100
67100
27900
30900
33900
36900
39900
42900
46000
49000
52000
55000
58000
61000
64100
67100
27900
30900
33900
36900
39900
42900
46000
49000
52000
55000
58000
61000
64100
67100
27900
30900
33900
36900
39900
42900
46000
49000
52000
55000
58000
61000
64100
67100
27900
30900
33900
36900
39900
42900
46000
49000
52000
55000
58000
61000
64100
67100
27900
30900
33900
36900
39900
42900
46000
49000
52000
55000
58000
61000
64100
67100
27900
30900
33900
36900
39900
42900
46000
49000
52000
55000
58000
61000
64100
67100
27900
30900
33900
36900
39900
42900
46000
49000
52000
55000
58000
61000
64100
67100
27900
30900
33900
36900
39900
42900
46000
49000
52000
55000
58000
61000
64100
67100
27900
30900
33900
36900
39900
42900
46000
49000
52000
55000
58000
61000
64100
67100
27900
30900
33900
36900
39900
42900
46000
49000
52000
55000
58000
61000
64100
67100
27900
30900
33900
36900
39900
42900
46000
49000
52000
55000
58000
61000
64100
67100
27900
30900
33900
36900
39900
42900
46000
49000
52000
55000
58000
61000
64100
67100
27900
30900
33900
36900
39900
42900
46000
49000
52000
55000
58000
61000
64100
67100
27900
30900
33900
36900
39900
42900
46000
49000
52000
55000
58000
61000
64100
67100
27900
30900
33900
36900
39900
42900
46000
49000
52000
55000
58000
61000
64100
67100
27900
30900
33900
36900
39900
42900
46000
49000
52000
55000
58000
61000
64100
67100
27900
30900
33900
36900
39900
42900
46000
49000
52000
55000
58000
61000
64100
67100
27900
30900
33900
36900
39900
42900
46000
49000
52000
55000
58000
61000
64100
67100
27900
30900
33900
36900
39900
42900
46000
49000
52000
55000
58000
61000
64100
67100
27900
30900
33900
36900
39900
42900
46000
49000
52000
55000
58000
61000
64100
67100
27900
30900
33900
36900
39900
42900
46000
49000
52000
55000
58000
61000
64100
67100
27900
30900
33900
36900
39900
42900
46000
49000
52000
55000
58000
61000
64100
67100
27900
30900
33900
36900
39900
42900
46000
49000
52000
55000
58000
61000
64100
67100
27900
30900
33900
36900
39900
42900
46000
49000
52000
55000
58000
61000
64100
67100
27900
30900
33900
36900
39900
42900
46000
49000
52000
55000
58000
61000
64100
67100
27900
30900
33900
36900
39900
42900
46000
49000
52000
55000
58000
61000
64100
67100
27900
30900
33900
36900
39900
42900
46000
49000
52000
55000
58000
61000
64100
67100
27900
30900
33900
36900
39900
42900
46000
49000
52000
55000
58000
61000
64100
67100
27900
30900
33900
36900
39900
42900
46000
49000
52000
55000
58000
61000
64100
67100
27900
30900
33900
36900
39900
42900
46000
49000
52000
55000
58000
61000
64100
67100
27900
30900
33900
36900
39900
42900
46000
49000
52000
55000
58000
61000
64100
67100
27900
30900
33900
36900
39900
42900
46000
49000
52000
55000
58000
61000
64100
67100
27900
30900
33900
36900
39900
42900
46000
49000
52000
55000
58000
61000
64100
67100
27900
30900
33900
36900
39900
42900
46000
49000
52000
55000
58000
61000
64100
67100
27900
30900
33900
36900
39900
42900
46000
49000
52000
55000
58000
61000
64100
67100
27900
30900
33900
36900
39900
42900
46000
49000
52000
55000
58000
61000
64100
67100
27900
30900
33900
36900
39900
42900
46000
49000
52000
55000
58000
61000
64100
67100
27900
30900
33900
36900
39900
42900
46000
49000
52000
55000
58000
61000
64100
67100
27900
30900
33900
36900
39900
42900
46000
49000
52000
55000
58000
61000
64100
67100
27900
30900
33900
36900
39900
42900
46000
49000
52000
55000
58000
61000
64100
67100
27900
30900
33900
36900
39900
42900
46000
49000
52000
55000
58000
61000
64100
67100
27900
30900
33900
36900
39900
42900
46000
49000
52000
55000
58000
61000
64100
67100
27900
30900
33900
36900
39900
42900
46000
49000
52000
55000
58000
61000
64100
67100
27900
30900
33900
36900
39900
42900
46000
49000
52000
55000
58000
61000
64100
67100
27900
30900
33900
36900
39900
42900
46000
49000
52000
55000
58000
61000
64100
67100
27900
30900
33900
36900
39900
42900
46000
49000
52000
55000
58000
61000
64100
67100
27900
30900
33900
36900
39900
42900
46000
49000
52000
55000
58000
61000
64100
67100
27900
30900
33900
36900
39900
42900
46000
49000
52000
55000
58000
61000
64100
67100
27900
30900
33900
36900
39900
42900
46000
49000
52000
55000
58000
61000
64100
67100
27900
30900
33900
36900
39900
42900
46000
49000
52000
55000
58000
61000
64100
67100
27900
30900
33900
36900
39900
42900
46000
49000
52000
55000
58000
61000
64100
67100