472
665
748
802
800
796
731
592
412
347
348
312
67
0
0
200
439
506
514
552
595
594
601
486
423
413
430
408
426
430
409
403
406
432
403
343
345
357
398
370
655
618
620
608
594
588
604
581
594
588
577
566
560
555
552
547
539
730
691
706
675
687
654
683
664
669
647
667
636
655
642
633
622
579
782
750
748
736
744
734
731
725
706
702
688
689
693
687
668
635
579
782
760
758
737
777
760
748
723
731
708
704
683
682
675
661
643
605
779
757
757
750
760
756
749
737
732
730
706
691
669
659
646
623
608
736
712
723
722
725
740
733
718
718
706
701
681
656
640
620
588
537
597
634
648
654
671
661
675
681
663
654
635
626
613
615
593
561
509
438
540
555
574
583
578
571
577
557
510
497
522
539
575
572
547
512
374
483
489
466
431
385
376
380
376
366
367
420
463
513
533
538
520
402
422
414
374
253
147
82
154
156
171
275
357
432
493
522
535
534
290
272
266
256
181
26
0
0
68
113
200
311
406
464
493
510
508
62
0
76
167
172
102
0
2
146
242
312
353
422
472
496
499
481
0
0
29
79
143
194
174
244
314
367
396
401
421
457
474
487
482
43
71
116
121
197
262
349
401
425
425
433
443
446
470
492
492
478
216
260
279
262
271
284
334
373
377
379
415
457
469
481
483
487
465
413
394
386
330
285
258
240
172
116
253
362
437
474
493
498
489
468
483
462
434
390
348
332
250
144
120
205
338
419
464
480
465
470
453
530
522
523
517
477
467
422
314
285
330
391
415
408
415
427
425
416
577
583
598
613
630
621
564
518
486
452
395
343
326
304
368
386
370
621
607
623
649
671
670
652
614
559
483
375
288
236
263
338
364
338
611
597
580
582
611
603
615
588
560
500
362
229
215
230
328
360
345
583
520
469
398
382
369
397
396
401
428
406
366
324
322
342
361
365
513
497
447
469
482
481
450
490
453
450
390
375
426
428
734
701
693
667
651
662
673
657
644
631
640
622
608
583
803
770
754
750
736
738
736
725
719
707
708
701
665
601
826
810
780
790
807
786
769
757
739
724
728
711
683
636
826
809
776
795
808
804
786
766
756
729
702
687
661
622
751
748
733
736
737
758
744
730
717
707
671
662
620
551
599
607
639
649
647
638
640
636
590
601
598
614
590
545
497
556
540
513
409
412
407
468
464
491
523
568
570
548
450
463
442
375
180
51
123
240
284
408
479
538
558
551
255
184
194
246
141
51
0
163
275
374
463
515
537
541
36
0
74
186
223
186
196
315
403
445
467
512
525
516
33
62
147
227
286
395
454
472
490
491
493
512
515
488
281
304
370
340
359
403
403
369
446
489
511
523
515
481
544
523
504
448
429
337
188
242
351
470
515
521
514
495
618
594
589
566
550
491
350
335
421
457
469
480
465
454
635
640
650
664
674
639
583
545
495
454
415
401
412
400
650
652
645
678
703
682
648
616
493
396
347
344
387
365
632
600
562
514
528
555
540
521
494
389
364
358
378
376
515
516
480
513
528
507
505
534
439
466
424
391
431
445
750
725
705
696
672
681
694
689
655
648
654
636
626
594
810
784
769
763
752
753
757
750
747
726
722
713
681
617
856
831
798
820
824
816
805
788
767
754
752
731
705
665
844
830
797
816
831
836
821
799
781
754
724
706
684
628
802
797
761
769
775
784
767
754
737
731
693
683
644
587
722
678
692
685
683
663
665
672
634
647
644
642
623
589
634
638
591
550
473
435
442
529
526
554
579
595
603
581
575
518
485
430
262
89
140
310
395
462
528
565
587
575
310
227
243
312
219
97
45
218
363
460
514
540
567
567
94
106
153
246
295
263
200
337
448
501
516
536
555
537
64
140
202
295
404
473
514
533
546
538
537
534
538
501
324
365
440
474
478
509
505
469
518
542
550
545
543
512
588
577
579
579
554
485
332
368
450
514
553
540
535
513
685
685
661
654
647
592
480
472
489
508
504
511
494
469
687
684
702
708
711
682
634
594
553
522
477
456
443
427
686
691
674
690
706
693
659
638
563
489
440
417
425
420
650
617
583
518
553
558
548
530
524
475
446
425
412
393
512
519
515
529
509
515
515
505
429
448
416
422
422
466
741
718
714
714
681
684
688
683
650
643
644
634
622
627
816
797
783
775
767
768
774
773
773
746
734
725
697
631
858
839
812
830
833
829
820
808
793
768
757
738
722
677
848
837
815
828
851
849
835
816
795
766
741
722
698
645
849
828
788
796
807
808
789
774
756
741
714
702
670
622
796
729
725
717
711
680
693
699
670
671
675
670
646
627
709
698
638
597
544
473
493
582
573
595
616
623
622
605
618
585
540
487
375
200
230
368
478
520
566
590
607
587
380
299
306
364
317
188
183
319
466
520
538
561
581
579
140
201
240
306
368
335
267
403
496
546
542
554
567
553
108
209
280
380
482
548
578
565
582
575
572
554
555
507
367
382
495
544
587
595
574
574
574
580
571
561
556
529
622
606
629
662
650
577
483
473
534
558
567
555
543
506
726
721
708
712
726
669
561
567
548
563
559
540
513
480
713
709
724
734
750
734
676
646
600
580
524
501
469
450
709
707
699
714
723
716
681
668
608
561
498
481
458
453
667
633
591
524
538
550
566
552
555
523
510
470
445
414
491
510
506
554
452
465
482
467
411
442
399
408
418
476
726
713
708
697
687
688
676
675
639
633
630
624
616
637
822
810
789
774
778
785
784
771
755
757
745
726
713
653
841
835
820
826
825
830
815
807
786
765
755
736
731
694
845
832
828
832
841
842
833
822
795
758
752
735
710
662
845
827
808
813
821
823
806
789
773
743
726
718
691
652
829
775
751
750
730
724
707
713
700
693
689
690
676
646
762
715
678
626
595
546
572
638
608
635
654
656
641
619
658
620
595
527
464
370
391
506
559
571
583
614
615
599
386
385
413
442
439
354
317
440
523
553
542
578
600
594
150
265
340
420
465
448
435
485
548
561
548
569
579
567
117
268
377
487
550
618
639
620
619
593
589
578
560
522
379
446
542
602
625
661
642
610
619
593
573
572
571
533
630
628
671
688
697
659
546
560
608
603
575
567
550
517
725
753
746
762
759
743
659
640
625
603
583
552
524
489
731
713
740
765
777
767
707
673
643
611
569
539
497
475
718
708
715
727
731
729
694
676
642
597
547
516
483
484
677
648
597
517
541
538
567
585
578
560
554
514
474
453