-3
-6
-12
-20
-29
-40
-51
-56
-52
-42
-42
-33
-6
0
0
33
50
37
6
-17
-24
-17
-5
-8
-9
-9
-8
-5
0
4
6
7
7
5
-2
-8
-14
-18
-23
-19
-11
-14
-14
-11
-5
2
7
8
10
10
6
-1
-10
-20
-27
-34
-28
-15
-16
-14
-10
-4
2
7
8
10
9
7
1
-8
-18
-31
-40
-32
-20
-18
-15
-10
-4
3
10
11
10
8
6
3
-4
-16
-29
-40
-31
-28
-22
-18
-11
-3
6
13
13
12
9
6
4
-1
-11
-29
-41
-36
-38
-30
-24
-13
-2
7
17
18
15
11
7
2
-1
-11
-26
-39
-35
-51
-41
-30
-16
1
13
23
25
21
13
7
0
-6
-12
-24
-35
-29
-64
-55
-36
-16
5
19
28
34
30
22
4
-8
-15
-19
-26
-29
-23
-77
-69
-41
-16
8
25
32
42
46
31
-2
-19
-28
-29
-30
-31
-20
-88
-76
-42
-9
17
25
26
44
55
26
-18
-41
-44
-39
-36
-34
-25
-82
-60
-30
4
28
21
5
36
49
-7
-50
-65
-62
-51
-44
-39
-30
-42
-26
-10
15
32
13
0
0
1
-36
-57
-70
-68
-57
-48
-40
-27
-3
0
-1
15
17
20
0
-1
-29
-48
-63
-72
-72
-61
-50
-40
-29
0
0
8
0
-18
0
-9
-39
-40
-54
-70
-75
-69
-60
-50
-39
-30
13
12
34
5
-21
-21
-25
-32
-42
-62
-79
-81
-71
-61
-53
-43
-32
27
36
47
33
7
-23
-23
-17
-39
-66
-85
-86
-73
-61
-52
-43
-30
37
40
49
48
26
-10
-2
13
-23
-70
-88
-88
-76
-65
-55
-43
-28
26
22
24
36
23
18
30
43
-13
-68
-83
-83
-76
-68
-58
-45
-28
3
4
7
12
20
36
55
52
15
-22
-60
-66
-70
-69
-63
-47
-28
-14
-10
-6
4
21
44
64
68
54
25
-5
-24
-48
-66
-70
-51
-29
-15
-12
-11
-2
16
39
61
73
74
64
43
14
-31
-76
-79
-55
-27
-9
-7
-9
-3
11
30
55
67
70
67
58
27
-26
-70
-78
-56
-26
2
4
-2
-2
3
16
44
52
50
40
29
6
-30
-56
-66
-53
-29
-4
-7
-7
-5
-2
4
7
8
6
0
-9
-13
-18
-17
-10
-12
-10
-7
-1
6
9
10
8
0
-10
-20
-28
-25
-16
-15
-13
-7
1
8
11
10
7
3
-6
-15
-29
-25
-26
-23
-16
-8
3
12
14
12
7
3
-4
-16
-32
-28
-37
-34
-22
-10
6
18
21
14
9
2
-5
-15
-30
-30
-53
-49
-30
-11
12
25
28
21
10
-3
-11
-15
-22
-20
-66
-72
-38
-8
18
30
41
36
13
-14
-27
-27
-27
-15
-72
-81
-38
4
28
28
42
40
-3
-41
-44
-40
-34
-22
-59
-54
-21
25
39
10
15
13
-41
-69
-64
-48
-37
-25
-12
-1
-10
26
38
16
0
-37
-63
-77
-72
-58
-43
-28
21
0
-17
4
9
5
-46
-60
-73
-81
-73
-59
-43
-27
12
9
16
-3
-16
-23
-49
-66
-82
-87
-74
-56
-43
-29
36
36
49
30
-3
-17
-20
-56
-90
-93
-77
-61
-46
-27
43
38
49
43
22
26
31
-58
-97
-93
-78
-62
-48
-30
20
17
21
25
37
57
50
-20
-64
-76
-72
-65
-53
-29
-6
-2
3
13
35
63
67
42
1
-27
-52
-73
-59
-28
-15
-5
-3
5
26
53
72
75
54
15
-36
-82
-64
-25
-2
4
2
5
16
46
66
61
46
18
-32
-70
-62
-28
-3
-4
-3
-3
-2
3
7
9
6
1
-7
-10
-12
-11
-8
-9
-7
-6
0
5
10
10
8
1
-8
-16
-21
-16
-14
-13
-11
-6
2
9
11
11
7
3
-5
-11
-21
-17
-23
-21
-14
-8
4
13
16
13
7
2
-6
-13
-22
-20
-34
-31
-21
-10
8
19
23
16
8
2
-6
-12
-20
-16
-47
-43
-28
-9
13
26
27
21
8
-4
-11
-13
-16
-11
-56
-60
-34
-5
20
31
37
30
6
-17
-29
-26
-22
-10
-57
-61
-32
8
34
32
29
23
-11
-41
-46
-39
-30
-14
-41
-42
-16
30
57
26
-14
-10
-45
-67
-63
-45
-34
-19
2
6
-11
28
54
35
-7
-60
-71
-84
-73
-55
-39
-22
30
5
-31
3
20
10
-45
-75
-81
-86
-75
-56
-40
-23
18
15
2
-2
-8
-21
-53
-79
-88
-89
-76
-51
-39
-24
39
35
42
28
1
-8
-20
-64
-99
-96
-78
-59
-43
-25
42
41
42
40
31
40
25
-54
-95
-94
-78
-58
-45
-27
22
24
27
30
45
64
52
-14
-65
-76
-70
-61
-49
-27
2
5
11
19
36
62
62
34
-1
-34
-55
-69
-53
-25
-10
3
6
12
24
50
69
63
44
5
-36
-74
-58
-22
4
11
11
12
16
40
68
61
37
11
-31
-65
-58
-26
-3
-2
-1
-1
-1
2
7
8
6
1
-5
-8
-8
-8
-7
-7
-5
-3
1
5
9
10
7
2
-6
-11
-14
-10
-12
-12
-9
-4
3
9
12
11
7
2
-4
-7
-13
-11
-20
-18
-13
-6
5
14
16
14
7
1
-5
-9
-13
-10
-29
-28
-19
-7
9
20
24
16
7
1
-6
-9
-11
-8
-36
-37
-26
-7
13
26
27
20
6
-5
-11
-11
-11
-4
-44
-54
-29
-3
22
32
31
23
4
-16
-26
-23
-17
-6
-45
-48
-25
12
36
34
22
12
-16
-38
-44
-36
-24
-11
-31
-35
-13
32
67
37
-20
-33
-49
-64
-60
-42
-30
-14
8
11
-9
28
66
42
-26
-81
-79
-83
-70
-50
-33
-16
28
11
-27
2
28
19
-40
-82
-85
-83
-72
-52
-33
-16
21
19
-3
-4
-2
-15
-47
-78
-87
-88
-74
-48
-34
-17
35
32
32
20
6
-2
-21
-63
-93
-92
-75
-54
-36
-20
39
36
35
35
30
41
21
-49
-88
-91
-73
-54
-39
-22
21
25
29
31
44
60
49
-12
-58
-71
-66
-58
-43
-23
6
9
18
22
35
56
56
29
1
-34
-47
-58
-47
-22
0
10
14
16
23
42
61
58
36
2
-32
-56
-52
-19
9
17
20
18
15
31
62
55
28
2
-24
-54
-50
-24
-3
-1
0
0
-1
1
5
8
7
3
-3
-5
-6
-6
-7
-5
-3
-1
0
5
9
11
7
2
-3
-6
-6
-5
-10
-10
-7
-2
3
10
12
11
7
2
-2
-5
-3
-2
-16
-15
-12
-2
7
16
16
13
7
1
-2
-4
-3
-2
-24
-23
-17
-3
10
22
23
15
6
0
-4
-6
0
1
-31
-32
-24
-4
13
27
26
18
5
-6
-10
-9
-5
3
-35
-42
-23
0
24
32
26
15
1
-16
-23
-20
-12
-3
-35
-38
-17
16
38
36
13
-4
-20
-38
-38
-30
-18
-6
-23
-21
-11
35
70
42
-24
-48
-54
-61
-54
-39
-23
-8
10
7
-6
25
68
46
-32
-87
-82
-76
-63
-43
-27
-11
19
7
-19
-3
31
19
-36
-83
-87
-77
-65
-45
-26
-11
15
15
-7
-7
1
-9
-40
-71
-85
-81
-68
-44
-25
-10
22
28
19
13
8
3
-20
-55
-86
-83
-68
-47
-28
-14
29
29
29
29
28
38
14
-38
-76
-84
-66
-48
-32
-18
19
25
29
32
39
55
42
-9
-49
-64
-59
-51
-35
-20
8
13
24
25
33
49
46
26
-3
-30
-41
-48
-37
-16
10
17
23
24
22
33
51
48
26
-6
-31
-48
-40
-18
13
24
30
25
13
18
52
46
20
-8
-25
-43
-40
-22