-40
-35
-17
-11
-6
-5
-8
-6
-3
3
6
7
-131
-88
-51
-25
-12
-14
-15
-14
-5
4
11
12
-208
-122
-58
-28
-24
-21
-21
-14
-5
8
11
12
-265
-109
-28
-46
-46
-43
-22
-8
8
13
12
6
-10
0
-27
-98
-98
-70
-27
14
25
22
7
-8
0
0
-187
-211
-165
-94
-9
37
52
33
1
-27
-92
-237
-302
-324
-231
-122
-11
54
73
41
-5
-48
-161
-278
-367
-365
-248
-93
21
77
79
37
-13
-60
-98
-172
-274
-290
-185
-14
74
85
65
17
-43
-89
-13
-75
-137
-172
0
0
44
16
63
-9
-83
-136
53
10
18
51
0
0
-174
11
68
-39
-113
-158
93
88
114
168
97
-80
0
0
-69
-114
-139
-165
99
120
124
134
82
7
-22
-120
-211
-201
-170
-142
84
100
96
84
62
5
-84
-208
-284
-252
-183
-137
55
56
52
55
44
1
-79
-168
-229
-239
-192
-130
24
15
18
33
32
10
-33
-93
-153
-189
-168
-131
-47
-34
-16
-12
-6
-5
-8
-6
-3
3
4
6
-134
-87
-53
-27
-13
-12
-15
-13
-6
3
10
11
-203
-127
-64
-33
-26
-21
-21
-15
-5
7
11
11
-257
-119
-47
-53
-49
-40
-20
-6
7
11
11
4
-105
-24
-52
-105
-102
-66
-25
15
23
22
7
-7
-12
-34
-183
-210
-164
-91
-12
31
47
33
2
-24
-91
-206
-298
-311
-229
-118
-9
48
64
36
-4
-40
-156
-269
-362
-360
-247
-97
20
69
68
28
-15
-54
-102
-191
-295
-270
-159
-23
61
86
70
12
-44
-89
-25
-81
-148
-164
0
0
30
18
66
-6
-76
-139
44
12
14
48
0
0
-115
-14
52
-40
-108
-155
85
80
112
157
71
-84
-1
0
-75
-113
-137
-165
97
111
121
124
69
-7
-48
-100
-216
-191
-168
-150
83
96
92
82
57
-2
-92
-204
-281
-245
-176
-142
57
58
53
54
42
-1
-77
-169
-226
-231
-183
-132
25
20
23
35
32
8
-34
-92
-151
-188
-162
-137
-55
-31
-18
-10
-5
-6
-8
-6
-2
3
4
5
-131
-84
-49
-26
-13
-12
-15
-13
-7
3
8
10
-193
-128
-67
-37
-27
-20
-20
-14
-5
5
9
9
-244
-138
-62
-55
-48
-38
-19
-5
7
10
9
3
-163
-92
-83
-108
-99
-63
-23
13
22
20
7
-6
-100
-130
-192
-203
-153
-85
-17
26
41
32
4
-20
-121
-213
-300
-301
-213
-108
-9
39
53
34
-3
-35
-160
-271
-354
-346
-243
-101
14
62
57
23
-14
-51
-108
-195
-287
-263
-116
-39
30
75
60
5
-43
-88
-36
-86
-147
-153
-14
-7
-8
1
56
-10
-70
-125
26
4
3
27
-4
-6
-132
-59
18
-44
-97
-141
74
69
98
128
30
-89
-114
-89
-88
-115
-123
-150
85
94
110
112
52
-29
-93
-135
-211
-187
-147
-141
74
85
87
73
46
-13
-102
-211
-269
-220
-158
-134
56
58
55
50
37
-2
-75
-156
-210
-205
-170
-120
27
22
25
33
32
8
-32
-87
-138
-168
-153
-125
-49
-31
-19
-8
-6
-6
-7
-6
-2
3
4
5
-121
-77
-48
-26
-13
-11
-14
-13
-7
2
7
9
-171
-126
-67
-39
-26
-18
-18
-13
-5
3
8
7
-215
-136
-78
-56
-43
-36
-17
-3
6
8
7
1
-185
-132
-104
-105
-93
-60
-19
10
21
16
7
-7
-155
-176
-194
-183
-139
-78
-20
20
34
26
6
-15
-144
-220
-278
-261
-189
-99
-15
31
41
30
-2
-29
-148
-245
-312
-297
-215
-96
3
47
45
18
-13
-49
-109
-184
-266
-250
-137
-67
2
55
47
5
-39
-77
-39
-93
-140
-140
-58
-106
-66
-18
37
-8
-55
-107
16
1
5
5
-65
-106
-153
-91
-10
-37
-81
-124
61
56
82
90
-5
-111
-153
-146
-106
-102
-103
-129
71
76
92
89
31
-49
-123
-163
-211
-157
-123
-124
63
74
75
65
32
-21
-94
-194
-237
-189
-141
-118
50
51
52
42
29
-4
-65
-140
-185
-177
-146
-108
25
22
24
27
28
10
-27
-74
-121
-136
-131
-109