970
960
967
961
963
968
963
961
960
963
969
969
853
844
854
867
879
914
892
873
879
873
882
889
720
706
740
780
819
838
835
799
774
800
792
795
524
467
615
725
765
785
771
731
768
762
724
760
26
0
529
715
738
751
742
740
741
740
729
771
0
0
579
729
722
700
679
699
727
755
790
789
264
299
570
757
652
606
637
636
758
775
823
843
535
566
693
738
520
448
510
669
779
845
879
878
654
679
751
626
273
203
390
615
806
901
943
940
678
749
819
585
0
0
246
520
792
988
1020
984
745
745
820
491
0
0
278
211
569
994
1070
1030
775
743
787
568
286
179
0
0
529
986
1080
1040
726
718
723
642
485
306
182
135
521
975
1020
991
677
707
691
618
557
453
407
473
663
898
946
934
668
668
639
629
583
536
557
623
730
865
909
827
680
663
659
610
576
585
621
671
762
873
878
793
959
951
966
957
961
965
955
957
959
960
957
955
854
844
853
854
867
889
879
859
854
852
871
868
724
706
733
763
799
810
813
771
744
785
777
762
577
512
623
716
751
760
773
735
736
750
721
725
246
165
547
712
727
727
728
718
719
728
730
730
59
87
591
731
720
693
670
685
714
741
759
747
282
303
604
741
669
630
666
682
770
776
818
844
562
599
714
736
537
494
584
729
791
843
872
876
723
768
822
612
260
217
427
699
846
894
937
940
785
865
891
553
0
0
194
583
824
975
1000
983
811
842
878
409
0
0
210
259
599
989
1050
1040
818
803
824
572
317
190
3
0
558
983
1050
1060
752
750
737
646
497
319
245
170
577
953
1020
990
709
710
656
613
546
462
442
489
702
899
940
929
680
659
613
607
560
530
555
620
728
862
900
849
705
649
634
612
576
577
608
653
759
887
856
842
950
943
945
952
953
954
949
947
944
942
938
939
832
812
822
831
847
860
855
826
826
821
813
830
724
696
716
732
759
778
784
743
711
732
728
727
611
565
625
686
698
713
714
677
691
698
664
687
415
395
572
695
679
686
668
662
667
673
673
664
292
328
600
716
688
654
635
647
687
698
702
701
373
383
631
739
659
626
648
647
701
697
749
772
571
612
708
707
565
529
609
722
742
794
785
781
725
770
799
634
251
287
473
703
788
841
878
923
797
863
840
568
85
29
232
618
792
930
914
909
815
866
855
467
26
27
334
414
674
946
944
944
812
782
776
576
392
254
332
345
611
964
947
969
711
701
697
625
514
381
377
335
649
950
934
927
664
661
619
576
518
462
470
531
708
843
855
862
634
631
584
548
516
496
532
600
682
770
815
763
619
610
584
561
524
546
561
604
697
784
786
776
934
946
933
948
931
949
934
934
935
918
924
930
804
754
785
793
811
802
807
775
785
758
779
781
680
676
676
693
702
722
753
714
660
660
667
679
573
585
624
632
629
635
644
607
624
628
584
625
499
500
582
636
626
620
597
598
602
596
583
593
437
466
594
652
631
596
570
564
595
598
630
603
447
458
618
668
615
586
567
564
606
603
674
683
563
597
648
632
553
540
574
627
659
681
695
715
684
739
742
628
396
398
552
671
711
757
770
785
736
786
772
591
315
512
453
640
758
791
776
812
726
800
793
520
419
475
530
563
699
830
807
807
738
727
709
553
476
385
501
563
661
853
816
838
629
619
613
571
483
428
459
464
710
815
801
801
578
587
553
505
450
434
441
549
677
717
758
758
543
541
522
453
438
464
472
545
616
681
712
677
531
526
494
460
437
472
465
498
615
637
668
670