29
22
16
18
18
17
18
16
13
17
22
17
67
67
57
44
45
42
36
30
38
37
40
37
89
96
82
64
58
61
58
58
58
53
51
51
91
118
103
83
76
78
74
68
74
71
64
67
3
0
99
104
99
99
96
89
85
82
82
82
0
0
62
111
116
119
115
103
85
76
78
90
-15
-2
41
102
109
122
129
105
79
53
54
73
55
68
78
88
67
80
98
95
63
40
34
41
63
66
70
75
38
39
41
24
11
16
18
17
19
11
16
33
0
0
-15
-37
-33
-12
2
11
-33
-60
-56
-35
0
0
-11
20
-4
-18
-17
0
-33
-72
-88
-81
-101
-83
0
0
-17
-38
-39
-33
-12
-46
-68
-75
-84
-75
-80
-39
-33
-41
-39
-50
-27
-33
-43
-41
-42
-48
-50
-42
-30
-21
-18
-22
-41
-37
-27
-19
-14
-14
-14
-20
-15
-8
3
21
-34
-22
-11
4
9
9
-6
-13
-18
-18
-12
-5
14
8
11
8
7
8
6
6
8
9
9
5
47
49
38
30
28
24
20
14
25
19
22
22
74
83
67
48
43
46
46
44
42
36
34
38
90
121
94
71
62
62
62
57
57
55
48
54
31
52
98
90
85
83
83
75
70
65
66
68
-23
-3
63
97
103
104
99
88
74
68
63
74
-49
-27
38
85
100
113
112
94
71
52
52
62
28
37
61
79
72
87
96
83
54
37
33
39
48
52
64
68
50
81
70
36
20
15
18
18
12
8
15
31
0
0
28
30
2
-1
5
12
-26
-48
-49
-31
0
0
16
87
26
-5
-11
2
-29
-67
-81
-90
-128
-107
-1
0
-3
-22
-26
-25
-21
-47
-67
-77
-94
-91
-118
-72
-34
-30
-33
-36
-31
-35
-42
-48
-51
-61
-73
-68
-41
-25
-16
-26
-34
-32
-25
-21
-16
-19
-24
-29
-23
-13
-8
11
-33
-20
-9
2
7
5
-5
-13
-20
-19
-9
-1
4
1
1
1
-1
-3
-3
-3
-2
0
-3
-2
31
34
24
18
16
10
8
5
11
6
5
7
59
64
52
34
29
30
34
32
26
23
20
23
84
105
78
52
44
43
46
41
40
37
33
38
52
92
86
75
68
66
60
56
52
46
48
50
-47
7
55
79
84
86
80
70
58
53
48
57
-69
-42
31
71
89
98
92
72
54
44
42
46
4
10
41
65
80
91
88
71
45
31
26
31
36
33
45
59
58
112
90
47
24
16
15
18
10
7
13
25
17
11
59
62
21
6
6
12
-23
-38
-36
-37
-7
-4
27
103
42
4
-7
4
-26
-53
-64
-92
-148
-116
-57
5
11
-11
-19
-18
-21
-41
-59
-75
-99
-103
-132
-87
-33
-20
-23
-27
-27
-33
-40
-43
-52
-67
-83
-80
-45
-22
-12
-21
-28
-27
-24
-20
-19
-20
-30
-35
-24
-14
-8
5
-25
-18
-7
0
3
1
-6
-14
-19
-17
-7
-2
-3
-5
-1
-1
-7
-7
-8
-9
-9
-8
-6
-5
16
18
11
7
3
0
-1
-2
0
-1
-8
-5
43
49
37
22
15
15
24
19
12
11
10
10
66
77
60
37
26
26
32
27
25
20
22
23
46
77
68
56
52
48
39
37
31
29
31
33
-32
11
45
58
62
65
57
49
40
36
33
38
-66
-38
25
55
70
76
65
52
38
34
31
34
-6
-7
30
53
71
90
71
49
33
24
20
24
20
17
29
46
65
106
85
49
25
14
12
15
7
5
6
16
21
40
68
64
30
7
5
10
-15
-26
-29
-46
-68
-23
15
76
38
7
-2
4
-25
-37
-46
-82
-128
-106
-56
4
13
-1
-9
-11
-19
-32
-44
-64
-85
-98
-110
-78
-25
-9
-13
-19
-21
-27
-33
-37
-43
-59
-76
-69
-38
-17
-10
-15
-19
-20
-21
-16
-19
-21
-31
-36
-24
-14
-8
-2
-18
-12
-6
0
1
0
-7
-11
-18
-14
-7
-3