0
0
10
13
21
29
33
34
0
9
4
-7
-23
0
-2
-16
-24
-35
-1
3
13
19
28
44
51
43
0
-3
5
-10
-36
-1
7
-21
-40
-51
-1
1
7
16
24
33
46
59
61
40
-20
-29
-11
0
0
-40
-16
0
-2
-32
-57
-67
-61
-1
1
9
19
26
35
49
59
59
33
-21
-33
-12
0
1
-41
-30
-13
-9
-34
-62
-71
-62
0
2
10
18
25
33
46
56
59
26
-8
-22
-8
0
2
-44
-45
-24
-25
-43
-65
-72
-62
4
-6
2
14
23
24
36
19
5
-15
0
-4
-19
0
-9
-24
-39
-53
2
-5
7
20
30
39
51
33
-2
-16
0
-9
-30
0
-9
-37
-63
-69
0
-1
2
14
24
33
42
52
51
30
0
-11
0
0
-17
-35
-9
-5
-19
-53
-80
-96
-80
0
1
5
16
27
35
45
54
52
30
2
-11
0
0
-19
-40
-30
-20
-32
-62
-88
-100
-79
0
2
7
17
25
34
45
54
52
32
8
-3
0
0
-17
-48
-48
-36
-50
-70
-95
-100
-77
1
1
4
13
20
26
30
29
23
15
9
21
25
-22
-13
-23
-3
1
-31
-63
-96
-113
-98
1
3
7
14
22
27
29
29
24
16
15
37
34
-23
-14
-32
-18
-10
-36
-69
-106
-126
-112
1
4
9
16
23
28
28
30
24
17
23
48
39
-16
-23
-41
-38
-24
-51
-80
-113
-130
-115
1
-1
4
10
16
16
12
8
1
3
-2
-4
-9
11
-16
-35
-52
-61
1
1
7
16
22
24
20
14
3
11
-5
-9
-14
8
-21
-54
-78
-95
-1
-1
4
11
14
15
15
1
-13
-17
0
27
28
0
-14
-39
-6
17
-18
-61
-84
-111
-132
-1
1
6
12
16
17
12
0
-14
-15
6
51
46
0
-16
-49
-16
7
-28
-69
-96
-129
-147
0
3
7
13
17
17
13
1
-12
-13
14
63
59
0
-14
-52
-32
-10
-33
-69
-101
-137
-155
-1
-3
4
8
9
4
-11
-19
-8
3
0
-12
-21
0
-10
-33
-39
-51
-2
-3
6
11
11
4
-14
-27
-9
20
9
-18
-28
6
-9
-50
-65
-89
-1
-2
0
5
8
7
-1
-17
-39
-46
-27
33
65
44
-24
-24
0
-10
-27
-35
-45
-55
-81
-1
-1
0
5
8
7
-2
-19
-41
-48
-25
42
94
58
-26
-31
0
-5
-24
-35
-50
-63
-85
0
0
2
6
8
6
-2
-16
-38
-47
-22
44
100
66
-18
-39
-17
-15
-28
-37
-53
-74
-94
-1
-2
0
0
0
-9
-26
-32
-20
10
0
-6
3
-15
-22
-13
-5
-9
-1
-1
0
1
-1
-9
-32
-45
-26
22
24
-3
4
-20
-35
-18
-9
-12
0
0
-1
-2
-3
-2
-6
-18
-34
-52
-36
1
62
66
20
15
-23
-55
-24
5
11
8
21
0
0
-1
-2
-2
0
-4
-17
-35
-54
-46
2
76
93
24
9
-20
-46
-20
9
17
18
22
1
1
0
0
0
1
0
-14
-32
-53
-49
1
70
92
20
-11
-30
-43
-14
11
16
16
23
0
2
-1
-6
-7
-5
-6
-26
0
0
0
-2
-19
-29
-7
21
31
24
-1
2
-2
-6
-8
-6
-8
-33
-11
0
21
-2
-24
-58
-15
31
48
39
0
1
1
-3
-7
-8
-4
-4
-9
-21
-24
0
0
22
-6
-28
-69
-51
6
42
61
61
52
0
1
1
-3
-6
-5
-1
-2
-7
-17
-21
0
0
27
-3
-35
-75
-47
10
47
68
73
64
0
1
0
-2
-3
-1
1
2
-2
-11
-20
0
0
31
-2
-44
-73
-40
10
48
69
83
72
0
1
3
2
0
-2
-1
2
5
23
39
0
-2
-67
-44
-25
-65
-5
34
48
73
81
55
0
1
3
3
2
0
2
7
14
30
58
0
-2
-73
-49
-44
-74
0
33
45
81
90
65
0
1
3
3
4
4
6
16
25
44
69
0
0
-68
-53
-60
-65
2
30
47
80
104
79
0
2
2
-1
-2
-2
0
11
8
0
-34
-22
16
-20
17
39
47
39
0
2
3
1
-1
-2
1
17
19
0
-43
-34
2
-45
27
49
69
65
3
5
6
8
11
13
11
2
-2
4
7
19
-26
-44
-15
9
29
0
-19
12
57
88
72
3
5
6
10
13
16
15
14
16
23
7
15
-26
-56
-36
-2
25
0
-36
6
49
96
89
2
5
7
11
15
20
22
25
37
49
16
9
-23
-60
-44
-17
19
0
-32
-9
52
103
99
3
5
4
8
9
4
-15
-17
0
-1
-28
0
8
25
0
28
42
51
3
7
7
11
14
8
-13
-18
0
-1
-22
0
10
23
-9
18
54
82
5
11
11
13
19
26
27
23
10
4
0
-11
-26
-10
6
7
33
-29
-58
-42
18
85
124
5
11
12
15
23
33
36
38
38
45
56
-6
-30
-24
-3
16
33
-45
-95
-64
17
93
138
6
10
14
17
27
34
46
51
59
81
56
1
-24
-31
-12
21
26
-47
-103
-73
18
99
146
0
8
9
10
20
23
20
14
-1
-23
0
-2
0
6
4
0
20
63
3
12
13
18
28
35
38
26
-1
-26
5
1
0
6
-13
-44
18
106
3
9
15
18
25
38
50
68
75
66
28
-5
-12
3
7
6
3
-22
-53
-67
-21
78
142
5
12
16
21
30
46
65
81
89
87
62
9
-16
-7
7
15
5
-37
-78
-83
-31
70
149
6
12
18
23
32
51
72
94
104
108
87
21
-14
-11
3
14
2
-44
-87
-85
-22
73
146
-2
0
6
13
27
47
56
48
18
10
-5
-4
-2
-2
0
7
0
51
-1
4
10
19
40
67
85
73
28
8
-2
-3
-1
-4
-9
-17
0
78
1
4
9
14
27
48
74
99
105
89
53
21
2
-4
-1
0
-4
-13
-30
-41
-25
38
96
3
7
13
20
34
54
82
109
117
103
69
28
0
-3
4
5
-3
-23
-49
-54
-30
29
96
5
10
17
24
40
58
88
121
129
116
83
35
5
-2
3
6
-5
-31
-52
-54
-17
27
99
0
-2
-1
5
22
50
81
101
106
93
66
40
18
2
-2
2
5
7
11
18
16
0
10
1
0
4
14
30
52
80
104
116
103
75
44
19
5
0
5
6
5
1
7
11
0
21
1
3
9
19
36
57
88
110
122
114
81
49
21
7
2
6
3
-2
-8
-4
3
9
36
1
-6
-6
8
26
49
55
54
29
17
1
-3
1
5
13
25
7
-20
0
-5
-4
13
39
67
81
76
48
25
4
-3
2
8
16
31
10
-25
-3
-6
-6
2
19
33
55
73
81
71
54
38
23
10
5
7
12
22
37
48
33
-20
-29
-3
-5
0
10
23
43
59
80
91
80
64
42
25
12
6
8
13
22
33
45
30
-13
-22
-3
-4
2
13
29
50
68
90
99
91
72
49
27
13
6
8
11
19
29
36
25
-3
-1
-6
-4
-4
8
13
20
30
31
25
15
7
4
4
9
23
32
15
-17
-6
-8
-4
12
22
37
49
49
38
23
11
6
7
13
31
48
23
-26
-6
-10
-4
7
16
16
21
36
50
45
38
28
18
11
9
7
12
22
38
48
32
-4
-20
-7
-9
-2
8
16
22
27
47
60
57
47
33
22
13
9
8
14
25
38
49
32
2
-15
-7
-9
-1
9
20
29
38
56
66
65
53
40
25
15
10
10
15
25
40
49
33
6
-9
-1
-4
2
7
3
2
9
14
8
8
4
5
2
3
16
19
11
-2
-6
-6
5
12
7
7
19
27
18
15
7
7
4
8
26
30
20
-3
-4
-8
-4
8
13
6
4
11
25
29
19
16
13
8
6
4
6
16
25
26
22
7
-3
-7
-9
-4
6
13
9
9
18
33
37
28
21
16
10
7
6
8
16
24
29
26
13
0
-10
-13
-5
7
16
12
15
25
40
40
32
25
17
11
8
7
10
17
26
32
27
14
1
13
4
-1
5
-2
1
6
9
0
1
4
0
-1
2
4
5
4
3
6
-3
0
8
-1
-1
7
13
3
4
5
1
-1
3
7
8
7
5
2
-4
-3
5
8
1
-2
1
10
16
8
4
7
5
3
0
2
6
9
9
8
7
5
-2
-6
-4
4
8
3
-2
2
13
21
13
8
8
7
5
1
3
6
10
12
11
10
6
-5
-9
-5
3
9
4
-1
6
17
21
15
10
10
8
5
3
4
7
10
11
12
11
7