257
112
225
301
291
203
146
63
0
48
1
14
121
0
7
95
174
222
292
256
364
428
408
340
239
90
0
77
3
28
194
13
42
187
301
337
316
397
433
523
546
534
483
400
259
133
89
161
54
0
48
211
167
123
171
297
408
426
411
383
502
561
610
642
631
594
483
303
174
175
212
71
0
49
216
267
263
295
408
480
501
469
463
597
661
695
715
707
678
547
379
263
284
252
89
0
43
221
341
355
431
500
552
561
530
257
157
237
296
293
219
173
82
24
52
0
18
96
0
58
147
197
233
300
283
375
425
425
379
267
158
75
89
0
41
160
11
90
249
326
311
324
397
440
509
544
538
491
418
317
224
177
163
0
0
76
184
113
108
198
362
439
451
396
376
503
546
598
643
633
582
502
393
317
263
212
0
0
79
208
234
232
317
436
505
504
450
424
556
640
690
709
698
655
568
473
396
329
233
0
0
70
232
315
341
436
508
564
555
495
362
430
450
507
534
540
521
430
374
291
209
163
50
6
79
165
108
131
248
393
488
458
338
379
504
545
588
626
619
588
525
451
374
282
200
68
9
77
199
192
242
332
461
545
511
402
400
556
629
672
695
686
657
594
507
431
359
228
72
12
84
229
293
326
439
538
590
544
441
278
195
225
283
293
242
185
138
85
38
0
42
76
5
89
191
232
193
347
348
380
426
432
383
298
232
141
66
10
60
118
34
147
309
360
319
364
418
454
497
522
526
527
470
401
306
202
128
72
0
88
126
45
132
295
440
487
461
309
386
503
554
591
617
615
598
543
484
380
282
184
114
0
83
170
121
211
383
524
577
527
360
414
558
633
670
688
693
666
610
529
425
330
217
142
0
64
206
211
274
441
572
619
560
379
279
186
245
311
318
290
250
142
92
27
0
58
77
0
134
227
245
198
328
341
353
425
437
414
336
238
130
46
12
73
83
11
192
358
386
340
356
414
453
494
543
546
536
471
418
297
154
78
81
56
137
103
0
126
333
452
503
473
325
381
491
535
589
627
620
604
563
489
358
192
118
129
80
145
110
0
158
382
534
597
557
366
390
539
611
667
705
690
667
629
540
400
212
137
151
107
159
163
119
224
445
588
638
592
354
267
198
217
317
304
302
247
161
53
10
0
67
34
42
134
234
233
213
308
329
347
430
420
431
353
229
83
24
34
125
46
55
219
347
383
355
350
427
447
472
533
543
535
484
412
269
95
9
62
115
189
95
22
162
309
461
474
462
343
374
509
548
583
620
628
625
575
484
315
129
18
82
164
215
95
31
165
382
529
587
541
376
404
547
616
662
693
696
682
620
548
334
143
6
87
180
229
150
113
216
430
578
638
596
369
277
182
242
323
320
296
224
148
0
0
0
89
60
35
111
187
224
202
321
318
359
416
452
413
350
210
20
0
33
160
103
79
179
315
375
312
332
422
436
486
534
544
529
495
401
261
67
0
0
141
229
170
108
135
246
391
457
444
315
367
510
537
589
615
625
630
570
480
324
83
0
0
178
270
209
137
155
289
454
553
513
349
407
562
632
661
683
697
685
631
537
332
94
0
0
172
303
260
182
188
323
532
614
585
377
360
415
449
485
528
544
537
481
396
238
63
0
2
161
201
183
123
39
176
310
413
422
284
383
492
544
571
612
623
605
564
479
292
110
0
2
200
287
273
136
44
212
407
522
487
339
395
543
612
652
675
685
655
629
547
331
132
0
1
227
344
336
135
53
247
461
570
587
388
304
189
266
303
335
252
203
115
8
0
46
40
49
23
57
142
209
189
331
332
390
416
448
396
326
190
20
0
67
96
83
56
101
227
334
319
350
421
445
490
524
541
517
453
365
184
44
16
93
150
127
150
131
0
132
228
332
391
301
393
502
522
577
594
613
601
545
431
230
63
13
124
224
269
270
124
0
220
315
431
461
359
401
551
598
651
659
682
661
609
509
307
80
8
133
282
350
336
104
0
239
425
511
542
385
266
174
230
312
308
260
181
77
0
31
37
0
15
33
0
69
156
174
302
310
366
424
438
376
293
141
0
52
49
0
67
38
14
118
244
301
311
396
446
478
526
534
537
453
287
109
0
33
126
111
141
143
154
97
125
167
250
307
316
358
470
534
547
605
610
605
539
380
202
104
31
174
221
256
235
182
134
226
283
327
371
362
403
531
601
641
666
675
659
605
446
312
113
34
198
299
339
309
206
159
293
371
407
444
408
246
184
227
241
326
255
174
38
2
46
0
29
0
70
22
0
60
137
287
302
351
396
430
398
286
72
4
85
48
65
89
120
43
70
116
244
312
371
430
467
506
524
522
453
306
136
46
113
133
137
176
196
194
184
144
147
123
206
280
330
478
517
557
569
590
586
530
347
217
132
135
205
244
264
277
254
235
245
236
210
233
325
376
532
606
634
627
657
653
597
443
306
213
158
249
321
347
343
306
286
319
309
273
285
354
230
132
198
284
260
236
173
81
54
57
28
81
80
100
82
27
0
99
267
260
324
384
393
367
272
135
89
104
83
133
153
176
140
76
0
157
280
362
410
462
496
499
493
416
308
193
147
163
170
168
193
223
232
227
221
151
49
62
238
332
465
520
562
570
571
564
515
388
273
210
217
242
255
292
317
315
314
298
218
86
66
251
390
538
594
636
640
636
627
588
465
347
284
262
294
329
369
397
380
384
353
274
143
131
292
290
356
415
465
465
468
473
429
356
275
238
232
223
225
247
263
281
291
227
156
38
0
201
337
440
499
561
549
542
542
525
441
348
309
314
306
316
313
353
362
358
305
200
48
0
224
357
499
601
628
626
612
600
574
495
420
373
368
360
381
373
425
415
420
363
242
118
100
261
245
164
222
235
246
214
187
145
96
104
102
113
139
121
123
84
10
74
269
272
344
360
358
328
282
219
175
172
171
179
192
215
202
131
15
107
316
369
435
435
434
406
432
421
365
299
274
293
299
274
280
288
312
310
274
182
112
105
190
335
471
518
549
531
518
519
506
465
392
365
365
364
361
354
357
389
378
329
213
134
127
209
337
539
591
627
623
606
589
577
533
474
440
426
422
417
421
436
445
441
377
255
186
165
264
243
151
200
198
201
193
184
147
131
141
143
129
139
154
153
112
65
86
277
315
334
324
318
314
279
234
217
228
216
204
226
249
229
176
110
135
282
386
425
418
416
409
394
388
372
306
307
309
312
284
300
310
334
315
281
232
187
180
236
322
464
521
531
508
509
477
479
449
405
386
380
376
368
366
370
395
376
348
280
239
239
275
344
516
591
603
608
582
562
544
516
482
457
441
438
427
428
445
446
427
384
322
292
283
309
242
150
202
215
190
200
165
132
115
155
156
133
156
153
148
135
113
118
278
277
341
355
342
328
259
243
223
254
236
230
260
258
249
206
180
196
311
363
432
433
428
426
406
369
344
334
310
328
324
301
306
326
322
308
283
256
254
250
254
333
445
512
518
520
518
485
448
436
428
409
394
384
377
375
390
387
372
347
318
296
293
305
374
510
584
578
598
583
552
513
508
489
483
460
445
439
433
452
439
425
392
358
336
339
344
270
217
225
246
257
209
175
175
163
180
182
164
183
179
156
158
152
151
296
305
322
345
356
309
255
246
246
254
246
238
252
247
242
210
202
205
320
411
419
403
427
457
397
380
314
346
349
332
332
305
324
318
316
309
303
273
254
263
262
352
462
497
495
519
538
481
443
414
429
424
406
390
388
395
380
379
369
354
323
304
302
320
367
526
545
546
567
588
517
481
468
480
490
461
441
445
448
420
426
420
393
349
322
329
349