-13
-6
-7
-12
-14
-11
-11
-3
0
2
0
2
6
0
-5
-6
-6
-4
-13
-11
-15
-19
-23
-26
-24
-10
0
-4
0
5
13
3
-9
-16
-14
-7
-14
-16
-17
-20
-23
-29
-33
-35
-27
-26
-27
-19
-6
0
10
24
19
3
-19
-24
-21
-13
-3
-12
-15
-17
-21
-27
-35
-43
-47
-46
-50
-50
-32
-7
0
11
29
29
11
-14
-26
-20
-16
-4
-11
-13
-16
-21
-27
-37
-48
-59
-65
-75
-74
-41
-9
0
10
30
35
16
-5
-21
-19
-12
-1
-15
-12
-6
-6
-10
-7
-5
-5
-7
-4
0
1
1
0
-5
-9
-6
-3
-20
-20
-12
-12
-16
-16
-14
-15
-23
-11
0
2
9
2
-10
-17
-13
-4
-18
-23
-17
-15
-16
-21
-25
-26
-29
-31
-38
-25
0
0
7
17
11
-2
-15
-21
-20
-13
-3
-16
-20
-19
-18
-21
-27
-32
-37
-44
-53
-50
-28
0
0
12
25
21
1
-14
-20
-21
-15
-4
-13
-17
-18
-18
-22
-29
-39
-47
-61
-68
-58
-28
0
0
12
32
31
11
-4
-17
-18
-13
-2
-17
-18
-14
-12
-11
-15
-20
-20
-25
-26
-20
-5
11
8
6
11
-3
-18
-19
-16
-14
-11
-7
-14
-18
-16
-14
-15
-19
-23
-26
-32
-36
-27
-6
10
12
13
23
11
-6
-15
-16
-16
-15
-10
-13
-16
-15
-14
-16
-22
-26
-31
-38
-40
-32
-7
5
17
28
36
34
13
-3
-11
-14
-13
-7
-12
-6
-5
-5
-6
-7
-5
-6
-6
1
3
-1
1
-1
-3
-7
-4
-2
-16
-14
-9
-8
-10
-14
-14
-18
-12
2
10
1
3
-7
-13
-13
-8
-6
-12
-10
-8
-7
-6
-7
-13
-14
-15
-13
-5
10
5
0
3
1
11
-7
-11
-6
-4
-6
-12
-11
-12
-10
-9
-8
-11
-14
-15
-16
-14
-7
11
9
0
2
14
25
7
-8
-8
-4
-7
-11
-10
-11
-10
-10
-11
-13
-16
-17
-16
-12
-4
13
14
0
1
25
42
19
0
0
-3
-6
-8
-7
-3
-2
-1
-1
-4
-7
-4
0
6
0
3
1
0
-4
0
-1
-3
-8
-6
-3
-2
-2
-7
-9
-9
0
10
-2
4
-2
-3
-9
-2
-1
-4
-6
-4
-3
-3
-2
0
-2
-1
3
1
1
6
-1
-3
-5
-6
0
-12
-2
6
9
5
-1
-7
-4
-4
-4
-3
-2
-2
0
6
7
6
6
-1
-9
-12
-7
0
-4
2
10
12
8
-2
-6
-5
-4
-4
-3
-2
-2
2
8
12
13
15
6
-16
-19
2
22
9
10
17
14
10
-1
-4
-2
0
0
0
4
5
3
1
0
0
-3
0
0
-2
3
5
2
-4
-1
0
0
2
6
9
6
2
1
-6
-7
-1
-1
-5
6
10
7
-2
0
1
1
1
3
8
13
19
22
8
1
-9
-19
-12
-3
-2
-3
7
20
19
19
16
-1
1
1
2
3
4
10
15
22
25
11
1
-4
-15
-15
-15
-13
-3
17
30
32
28
20
0
2
2
2
5
6
11
17
24
25
15
2
9
-7
-20
-25
-24
2
29
39
37
31
19
-2
-1
-1
-1
2
5
7
8
0
0
0
1
6
6
4
6
7
6
-1
-1
-1
0
3
9
15
18
2
0
1
2
12
16
9
18
20
17
1
2
0
1
3
6
12
18
21
23
11
0
0
-1
6
11
14
18
23
37
35
32
28
3
4
3
4
6
10
17
22
26
26
10
0
0
-3
-2
-3
0
16
34
48
49
42
37
4
6
6
6
10
13
20
25
30
27
6
0
0
-9
-14
-19
-9
19
43
60
57
51
41
4
4
2
1
4
6
11
17
22
14
1
0
0
11
32
22
9
10
43
48
44
37
20
5
5
4
3
7
10
15
23
30
28
17
0
0
5
20
15
7
14
47
59
60
48
31
6
7
7
7
10
14
20
28
37
41
31
0
0
-14
-5
-2
7
24
49
66
68
62
43
4
1
-1
1
2
4
6
3
0
0
1
6
-4
2
8
12
12
10
4
2
-1
1
4
7
14
8
1
0
2
21
0
3
25
32
28
23
8
9
6
4
5
7
9
15
31
39
17
0
1
23
15
6
-11
0
42
58
51
39
22
8
10
7
6
6
9
13
22
40
50
24
0
-5
10
4
-4
-7
0
34
63
64
53
35
8
10
8
8
10
12
16
27
47
58
40
1
-14
-15
-17
-17
-11
0
24
59
72
65
44
3
3
2
2
2
3
4
7
0
-1
3
0
4
-1
0
17
20
8
7
7
4
3
5
5
14
26
0
-4
11
0
7
-2
5
43
36
20
9
12
8
6
6
7
9
15
24
30
0
-7
-9
-11
-36
-32
-22
-28
-9
32
47
33
17
9
12
9
7
7
8
12
19
31
34
8
-11
-22
-24
-45
-43
-35
-35
-15
32
56
47
29
8
10
9
8
8
10
12
20
32
28
-5
-21
-33
-40
-55
-52
-52
-50
-20
28
66
58
40
-1
4
3
2
3
4
4
0
-1
0
0
-16
0
-11
-11
0
8
2
5
9
5
5
6
7
7
1
-3
-4
-9
-40
-25
-28
-29
1
21
11
3
9
9
7
7
7
9
8
0
-10
-27
-30
-21
-40
-58
-53
-44
-51
-47
-8
26
21
13
4
8
9
7
8
7
7
8
-2
-17
-39
-38
-40
-54
-67
-66
-60
-63
-55
-7
37
36
22
5
7
8
7
7
7
7
8
0
-20
-42
-46
-50
-62
-73
-76
-74
-71
-57
-5
46
49
28
-10
-1
2
5
4
1
-2
-3
-7
-10
-9
-14
-11
-11
-14
-13
0
-1
-9
0
4
8
7
4
-5
-12
-20
-23
-25
-30
-30
-28
-32
-33
0
2
-8
-4
1
6
11
11
7
-2
-12
-24
-36
-38
-42
-41
-43
-45
-43
-45
-54
-40
3
7
0
-5
-2
2
5
9
8
4
-3
-15
-33
-50
-51
-55
-56
-62
-65
-62
-65
-64
-36
14
17
6
-3
-2
2
3
5
5
2
-5
-19
-38
-58
-61
-63
-66
-73
-79
-76
-79
-65
-26
22
27
10
-15
-17
-8
2
11
13
6
-3
-12
-20
-28
-35
-38
-37
-36
-36
-38
-45
-44
-43
-16
0
-13
-13
-15
-8
-1
7
7
2
-8
-18
-32
-44
-52
-55
-54
-49
-54
-55
-59
-59
-49
-20
0
-20
-11
-13
-8
-2
3
3
-2
-12
-24
-40
-55
-63
-63
-64
-60
-67
-65
-71
-66
-49
-26
-22
-26
-15
-9
-1
6
7
2
-1
-3
-5
-9
-12
-11
-12
-10
-12
-14
-2
-2
-16
-13
-1
8
10
3
-4
-11
-16
-22
-25
-22
-21
-24
-29
-31
-5
-5
-18
-18
-14
-4
-1
1
-3
-6
-9
-12
-18
-27
-31
-29
-30
-30
-34
-35
-38
-32
-27
-23
-23
-17
-23
-19
-12
-9
-7
-8
-15
-18
-25
-33
-40
-45
-45
-43
-42
-48
-50
-52
-48
-45
-41
-37
-15
-23
-19
-12
-9
-7
-9
-17
-24
-35
-44
-52
-54
-55
-53
-55
-57
-63
-62
-59
-64
-60
-49
-17
-4
-3
-2
-4
-4
-3
-1
-3
-7
-9
-7
-7
-9
-11
-7
-3
-3
-17
-12
-7
-6
-7
-6
-5
-5
-9
-16
-17
-16
-18
-21
-23
-19
-13
-11
-21
-26
-26
-27
-27
-27
-25
-18
-16
-14
-20
-25
-29
-26
-29
-32
-35
-32
-33
-35
-34
-31
-32
-23
-32
-35
-33
-32
-30
-28
-23
-24
-26
-31
-35
-38
-38
-40
-41
-44
-43
-48
-50
-52
-52
-46
-22
-30
-35
-31
-33
-29
-27
-26
-27
-34
-37
-44
-43
-48
-45
-51
-48
-54
-56
-63
-71
-71
-60
-29
-22
-32
-32
-27
-30
-24
-15
-16
-26
-22
-20
-25
-23
-23
-23
-22
-21
-30
-33
-40
-41
-38
-39
-26
-24
-25
-31
-31
-29
-35
-32
-32
-33
-30
-30
-33
-43
-54
-54
-55
-54
-52
-46
-39
-38
-38
-41
-42
-38
-39
-42
-40
-40
-41
-43
-44
-42
-38
-30
-44
-50
-52
-53
-52
-48
-41
-37
-39
-40
-41
-42
-41
-42
-43
-42
-43
-43
-45
-48
-48
-44
-29
-40
-45
-47
-48
-49
-43
-37
-35
-37
-39
-41
-40
-39
-40
-46
-41
-43
-45
-48
-53
-55
-51
-29
-49
-56
-59
-55
-54
-50
-48
-43
-47
-43
-41
-42
-39
-37
-35
-34
-30
-33
-57
-59
-61
-57
-55
-51
-52
-47
-48
-45
-45
-43
-41
-39
-38
-38
-36
-29
-48
-54
-56
-58
-56
-53
-47
-44
-44
-44
-40
-40
-40
-41
-39
-36
-35
-35
-35
-35
-35
-33
-28
-42
-47
-50
-51
-52
-46
-40
-36
-37
-39
-34
-33
-34
-36
-34
-29
-30
-32
-32
-33
-34
-33
-23
-36
-39
-40
-43
-45
-39
-32
-28
-31
-35
-31
-29
-30
-34
-32
-26
-27
-29
-31
-31
-31
-31