22
19
10
6
1
-3
-6
-7
-8
-12
-14
-18
-21
-23
-27
-31
-38
-51
-72
-85
-72
-61
-47
41
42
33
18
7
-4
-10
-16
-20
-27
-33
-40
-49
-58
-67
-80
-98
-114
-139
-162
-170
-154
-118
39
54
48
31
14
1
-10
-20
-30
-40
-50
-60
-69
-81
-93
-109
-134
-156
-184
-211
-231
-226
-192
35
56
54
42
25
8
-8
-23
-38
-52
-65
-79
-88
-105
-119
-141
-162
-186
-211
-235
-265
-286
-280
32
53
57
49
35
14
-9
-28
-49
-67
-85
-102
-113
-131
-143
-160
-177
-190
-209
-209
-251
-319
-347
27
46
54
47
32
11
-14
-36
-59
-79
-101
-118
-137
-151
-162
-172
-180
-182
-180
-170
-208
-243
-281
18
35
40
35
21
0
-22
-45
-71
-92
-114
-132
-152
-162
-171
-172
-174
-165
-158
-142
-131
-123
-62
15
27
27
20
5
-12
-33
-54
-79
-99
-120
-141
-160
-173
-178
-173
-163
-147
-131
-107
-83
-47
-10
11
18
15
6
-9
-25
-44
-64
-84
-104
-122
-143
-164
-178
-186
-173
-152
-131
-105
-84
-71
-77
-103
6
9
5
-5
-21
-37
-55
-70
-90
-106
-124
-139
-162
-171
-180
-168
-148
-110
-78
-52
-59
-93
-148
2
1
-5
-16
-32
-48
-64
-79
-93
-108
-124
-141
-157
-168
-166
-167
-147
-104
-54
-17
-22
-64
-107
-1
-3
-11
-26
-43
-58
-73
-83
-95
-106
-120
-131
-142
-146
-151
-164
-157
-109
-36
29
52
26
-30
-2
-8
-21
-40
-55
-69
-82
-91
-97
-104
-112
-117
-119
-118
-122
-149
-155
-95
-3
83
121
136
105
-4
-13
-28
-52
-70
-82
-95
-98
-100
-97
-96
-90
-90
-89
-76
-93
-106
-65
16
78
98
172
195
-7
-21
-41
-64
-82
-96
-105
-106
-99
-94
-79
-65
-48
-28
-10
-13
-14
0
0
-14
10
86
164
-10
-25
-42
-67
-86
-103
-112
-114
-103
-83
-62
-37
-7
17
35
66
105
58
-5
-29
-47
-33
87
-12
-27
-45
-66
-90
-108
-120
-123
-114
-89
-62
-26
17
50
76
114
150
122
43
-16
-58
-46
9
-11
-26
-44
-67
-89
-111
-126
-129
-118
-94
-63
-25
20
51
78
102
137
146
104
60
30
25
8
-11
-24
-44
-65
-90
-109
-127
-130
-118
-101
-66
-20
11
40
54
41
70
127
155
147
110
69
16
-11
-23
-39
-61
-83
-103
-117
-121
-118
-109
-55
-3
24
31
10
-26
-1
68
120
133
123
70
14
-10
-22
-38
-57
-73
-85
-98
-102
-109
-111
-54
27
70
43
0
-10
0
0
1
46
47
32
-2
26
24
13
2
-3
-7
-9
-15
-18
-24
-28
-36
-39
-48
-68
-78
-77
-66
42
45
29
11
-3
-13
-22
-33
-43
-55
-70
-81
-98
-122
-145
-181
-193
-168
36
51
41
21
2
-15
-32
-50
-62
-81
-97
-111
-137
-163
-197
-235
-268
-274
28
50
46
30
6
-18
-44
-66
-86
-109
-127
-138
-164
-188
-210
-229
-308
-375
26
42
43
25
1
-29
-57
-86
-112
-136
-157
-172
-185
-191
-185
-189
-246
-265
14
29
27
10
-13
-37
-69
-96
-123
-146
-162
-172
-185
-179
-158
-149
-128
-47
11
17
11
-6
-28
-49
-77
-101
-125
-154
-177
-186
-182
-161
-132
-101
-74
-51
5
6
-3
-21
-44
-61
-87
-109
-124
-155
-176
-179
-174
-140
-98
-64
-63
-100
-1
-3
-15
-35
-55
-73
-89
-108
-124
-149
-167
-165
-166
-132
-71
-15
-19
-71
-3
-10
-25
-48
-70
-83
-95
-106
-119
-133
-138
-143
-166
-136
-47
51
82
46
-6
-16
-38
-63
-81
-93
-102
-102
-100
-101
-95
-91
-115
-105
-20
74
130
170
-10
-29
-54
-78
-97
-104
-103
-95
-78
-61
-37
-21
-13
-8
0
-13
20
136
-14
-32
-58
-86
-106
-115
-112
-96
-62
-24
16
59
88
98
13
-35
-49
13
-16
-33
-57
-89
-114
-125
-124
-94
-58
-8
40
75
130
152
92
21
-10
8
-15
-34
-58
-89
-116
-130
-128
-106
-56
-1
33
56
65
114
145
123
93
45
-13
-28
-54
-83
-111
-125
-128
-118
-48
17
43
18
-21
31
94
123
110
44
27
26
14
5
-2
-5
-10
-15
-20
-24
-32
-39
-43
-44
-59
-68
-72
-59
40
45
27
12
-3
-13
-22
-34
-44
-56
-70
-84
-96
-119
-142
-175
-182
-165
33
45
38
20
1
-16
-33
-51
-64
-84
-100
-114
-137
-162
-194
-236
-273
-291
26
42
39
26
2
-20
-46
-68
-88
-109
-127
-138
-164
-188
-211
-255
-303
-387
21
34
36
20
-4
-32
-58
-87
-113
-137
-156
-171
-185
-191
-190
-219
-242
-278
13
24
22
6
-16
-39
-69
-96
-121
-144
-160
-171
-185
-181
-165
-159
-133
-37
8
14
8
-9
-31
-51
-79
-104
-125
-156
-176
-181
-182
-168
-138
-106
-77
-47
2
2
-6
-23
-46
-62
-86
-110
-122
-151
-174
-176
-173
-142
-104
-68
-66
-93
-2
-5
-16
-35
-54
-73
-90
-108
-122
-144
-161
-169
-169
-132
-75
-19
-16
-62
-5
-12
-25
-47
-71
-82
-97
-108
-114
-129
-135
-145
-157
-123
-45
42
71
42
-7
-19
-38
-63
-80
-92
-103
-105
-98
-96
-93
-97
-104
-79
-23
58
116
140
-11
-28
-51
-75
-94
-102
-103
-94
-77
-60
-38
-26
-11
7
22
-10
29
127
-15
-33
-57
-84
-103
-112
-111
-96
-66
-28
12
51
82
79
25
-16
-28
28
-18
-34
-57
-87
-112
-122
-123
-93
-57
-12
33
74
121
137
93
43
16
24
-15
-34
-58
-88
-113
-128
-125
-103
-52
0
34
49
71
112
137
119
87
52
-13
-27
-52
-83
-111
-124
-136
-113
-50
21
50
32
7
34
82
104
92
52
26
28
16
7
-1
-5
-10
-15
-19
-23
-29
-39
-43
-42
-56
-69
-77
-67
36
42
26
13
-2
-13
-24
-33
-45
-55
-70
-84
-96
-117
-140
-168
-182
-160
31
40
36
19
0
-17
-34
-51
-66
-84
-101
-116
-137
-162
-192
-235
-270
-280
23
35
33
20
-1
-22
-47
-68
-89
-108
-126
-139
-161
-185
-208
-257
-306
-384
18
29
29
14
-8
-32
-58
-85
-110
-131
-150
-164
-176
-185
-196
-220
-246
-278
11
19
16
2
-19
-40
-68
-95
-120
-142
-158
-170
-180
-180
-172
-163
-133
-44
6
9
4
-12
-33
-53
-78
-105
-125
-153
-173
-177
-178
-170
-141
-106
-78
-46
1
-1
-8
-25
-47
-63
-84
-108
-121
-145
-168
-175
-167
-143
-107
-68
-59
-89
-4
-8
-18
-36
-55
-73
-90
-107
-119
-140
-154
-166
-165
-136
-73
-22
-15
-53
-6
-14
-26
-47
-69
-81
-97
-109
-110
-123
-130
-139
-148
-113
-38
37
63
38
-9
-19
-37
-61
-79
-91
-101
-101
-97
-90
-88
-91
-95
-61
-18
43
100
128
-10
-28
-49
-72
-90
-101
-102
-94
-76
-59
-40
-20
-6
14
31
1
45
118
-13
-34
-55
-81
-100
-109
-107
-95
-67
-30
8
45
77
73
44
9
-1
51
-20
-35
-57
-85
-109
-119
-120
-91
-57
-12
34
69
117
126
92
50
32
41
-15
-35
-58
-87
-111
-127
-121
-93
-46
-1
33
52
75
111
126
106
84
59
-13
-28
-51
-81
-108
-121
-127
-106
-46
16
49
44
25
41
74
91
85
52
25
29
17
6
-2
-5
-10
-14
-19
-22
-29
-38
-43
-56
-61
-70
-81
-68
35
39
28
13
-1
-13
-27
-32
-45
-54
-69
-83
-97
-114
-138
-162
-178
-156
28
34
30
15
-2
-19
-34
-51
-67
-84
-101
-119
-136
-159
-187
-231
-264
-267
19
29
27
14
-4
-24
-48
-69
-90
-107
-124
-140
-157
-178
-204
-256
-307
-356
14
22
21
7
-10
-32
-57
-82
-106
-126
-142
-157
-166
-176
-199
-221
-250
-261
8
12
11
-3
-21
-42
-68
-93
-118
-140
-156
-169
-173
-175
-175
-162
-139
-46
4
4
0
-17
-33
-54
-76
-100
-121
-148
-163
-174
-171
-158
-143
-107
-79
-47
0
-4
-11
-27
-44
-64
-82
-102
-120
-142
-160
-167
-160
-146
-108
-68
-57
-87
-4
-10
-20
-37
-55
-74
-89
-104
-117
-135
-146
-160
-157
-132
-70
-24
-15
-45
-6
-16
-27
-46
-64
-81
-92
-101
-107
-113
-122
-134
-137
-101
-43
24
49
32
-8
-20
-35
-57
-74
-89
-95
-95
-95
-83
-83
-85
-81
-51
-11
37
81
100
-11
-28
-46
-68
-85
-97
-99
-92
-78
-58
-38
-15
-2
19
36
18
61
114
-14
-33
-52
-76
-94
-106
-101
-92
-64
-31
3
39
71
73
59
32
34
66
-19
-36
-55
-81
-101
-115
-113
-88
-56
-11
28
62
106
114
94
64
41
53
-14
-35
-57
-83
-105
-123
-117
-85
-42
-2
34
55
76
108
114
96
76
66
-13
-30
-49
-77
-102
-114
-119
-97
-42
14
48
51
44
57
78
84
77
50