907
964
974
975
972
973
975
978
979
975
973
973
983
981
986
989
986
982
980
963
959
952
956
777
872
914
927
923
927
933
937
938
938
935
936
943
945
949
955
951
948
941
913
874
852
845
678
794
837
880
878
879
884
886
890
886
896
884
898
893
907
900
918
899
899
845
776
744
732
577
736
793
814
826
838
846
849
852
848
848
845
857
856
868
870
886
878
860
795
748
672
614
518
694
740
777
780
801
819
821
819
820
820
821
815
826
827
835
843
831
811
748
723
684
543
502
658
727
754
772
792
808
797
801
782
811
790
807
799
809
808
813
784
766
710
707
642
508
446
626
686
734
760
781
799
788
781
776
789
781
788
774
770
772
779
752
735
694
665
592
382
422
608
669
712
745
772
791
801
795
780
783
779
773
756
748
731
730
715
687
644
595
504
298
413
600
657
700
733
767
787
798
811
794
775
768
759
750
737
687
672
659
633
599
553
498
364
421
593
661
708
738
759
783
789
799
794
773
732
748
711
695
642
613
580
576
562
538
495
400
419
590
661
708
740
761
780
783
784
775
767
749
738
710
646
605
546
509
516
536
551
511
342
454
578
642
716
748
765
781
781
777
770
762
735
721
682
637
576
492
409
398
461
548
529
322
437
590
673
725
759
778
786
783
771
769
766
742
701
663
638
574
409
274
264
336
502
547
371
382
576
647
740
775
778
785
781
773
768
761
728
676
614
625
566
339
99
62
229
371
515
407
393
590
697
748
769
781
788
775
764
765
745
714
666
622
590
552
300
0
0
176
222
398
436
403
609
688
755
757
772
763
741
707
678
680
664
619
572
537
525
333
47
15
181
242
327
319
441
636
732
771
788
777
768
721
676
644
623
599
594
561
549
500
368
223
203
268
334
258
100
476
651
717
802
797
805
755
680
625
590
577
532
510
510
500
464
382
311
270
330
374
235
112
511
673
765
816
839
806
757
657
582
550
528
462
396
383
473
404
281
264
296
355
387
315
208
521
695
761
840
847
832
754
641
545
525
462
370
343
336
453
338
98
114
197
330
433
409
339
483
704
810
869
872
828
774
639
541
429
299
270
277
357
488
310
0
0
4
311
447
495
474
909
960
974
971
974
977
972
970
969
973
978
981
986
982
980
971
954
950
763
870
911
914
920
922
929
926
921
929
939
942
946
945
936
902
849
826
634
800
835
854
876
872
887
883
873
886
891
884
909
915
889
853
782
725
536
745
785
816
836
828
848
844
822
842
844
832
864
867
848
795
815
694
546
700
755
807
830
843
843
839
840
837
840
846
847
846
790
755
785
636
477
668
727
794
799
804
790
792
797
789
771
757
810
803
750
736
693
498
444
652
708
783
807
798
829
788
785
788
780
762
755
744
701
656
590
467
479
659
716
782
804
789
827
821
772
782
763
705
688
648
628
597
565
489
458
646
707
788
790
787
781
775
762
775
759
676
627
558
545
567
584
477
477
639
722
799
821
797
808
806
785
773
733
688
593
428
371
433
601
479
454
644
735
816
816
812
818
808
791
767
700
683
543
256
154
236
532
537
429
659
752
809
822
808
793
785
756
739
681
677
558
121
0
237
420
535
450
684
765
806
815
798
771
740
725
707
656
670
558
183
78
275
403
353
520
705
794
834
824
780
719
683
657
632
611
592
532
369
302
362
422
260
558
729
814
863
856
765
708
659
596
534
533
545
461
360
352
404
417
321
576
739
854
894
861
782
638
625
525
486
454
530
313
151
218
346
477
411
918
958
974
969
976
979
975
973
969
975
979
984
985
983
981
974
961
951
764
872
910
913
925
927
932
927
919
931
938
947
951
951
937
908
867
840
635
796
839
856
876
874
887
884
869
884
888
882
912
917
892
862
817
759
556
745
795
829
848
836
858
854
827
845
847
833
868
872
858
848
841
729
562
700
766
819
849
858
853
849
846
842
840
845
852
852
807
816
802
653
520
682
739
798
797
802
792
796
798
788
769
761
813
814
771
766
726
501
488
666
728
789
821
805
834
807
790
802
786
755
766
769
733
694
640
485
512
669
732
789
819
792
819
829
774
784
772
720
697
672
654
631
605
515
433
657
723
796
788
790
784
776
765
774
762
714
668
601
591
605
606
524
486
654
738
809
839
806
824
820
783
782
752
721
627
479
418
475
628
518
472
655
752
829
830
821
838
838
794
783
735
714
595
313
254
255
583
593
451
669
767
830
838
827
804
793
768
762
726
759
603
217
184
252
537
612
490
705
781
832
838
821
801
776
765
752
724
708
607
255
212
327
495
487
545
720
808
858
851
803
762
721
715
700
686
661
594
413
371
455
515
426
546
743
832
881
875
801
759
733
659
635
631
612
516
418
411
478
540
462
563
751
866
923
885
831
713
690
596
589
624
618
375
264
301
396
524
527
920
952
969
967
974
980
976
974
970
976
982
984
985
985
980
973
961
956
733
863
907
911
923
930
928
927
918
916
934
943
951
950
937
913
878
854
639
778
843
858
872
876
882
877
865
875
880
880
907
914
895
865
816
763
560
729
804
834
847
844
853
849
832
834
838
833
855
868
864
854
836
732
540
700
778
816
846
842
838
836
832
821
819
823
832
838
823
832
800
654
512
681
753
792
794
800
796
798
798
786
767
764
796
808
790
787
738
499
495
670
745
785
817
810
824
819
795
802
787
752
766
782
752
710
669
499
501
662
746
786
815
799
802
819
776
777
760
736
689
687
677
648
633
541
445
652
738
790
793
792
785
778
769
775
758
729
690
651
633
627
641
582
469
659
753
806
840
813
831
826
783
787
759
734
647
537
493
519
654
556
489
666
767
827
838
828
837
829
793
789
753
773
644
421
346
333
624
650
440
677
782
836
848
845
818
800
778
782
776
784
652
377
341
301
608
692
448
698
796
841
850
837
815
793
765
767
757
760
654
358
347
425
578
615
571
731
821
868
863
824
782
742
742
721
735
707
627
465
445
525
620
564
538
751
846
896
891
835
797
764
706
711
695
664
571
484
468
536
589
565
558
767
879
925
897
852
762
737
666
674
699
684
459
356
379
454
582
615
910
946
961
966
974
975
976
977
968
977
982
983
984
981
978
970
961
960
733
850
899
907
916
925
918
918
912
898
927
935
947
944
933
912
878
866
622
758
841
852
862
873
871
866
857
862
868
877
894
903
891
867
818
768
521
710
812
833
840
843
844
840
833
824
828
833
844
862
863
857
818
710
516
689
782
805
819
818
819
823
817
799
796
800
808
820
830
854
788
610
463
677
763
781
788
795
798
798
799
784
770
768
779
785
798
799
737
475
492
673
760
776
781
788
798
796
785
789
762
745
753
754
752
711
684
497
475
653
758
780
787
794
784
796
779
777
742
717
680
715
707
652
652
562
446
647
754
779
797
795
788
783
773
777
744
730
711
686
675
647
669
645
466
656
765
798
815
814
807
799
785
782
743
745
659
628
592
605
688
689
479
668
776
813
832
833
818
807
792
795
793
795
704
555
461
470
701
729
463
682
787
826
847
843
829
805
786
799
806
805
709
543
503
453
716
766
471
680
804
834
849
844
808
785
756
763
810
809
707
518
512
549
699
702
560
734
825
851
854
847
794
752
768
726
763
748
650
563
540
588
661
649
526
756
856
881
884
854
815
795
767
755
755
716
633
557
531
594
641
674
568
782
890
911
896
844
779
763
727
727
739
737
555
481
480
566
617
677