61
59
49
57
71
83
79
83
63
81
91
98
85
84
59
69
80
92
117
118
106
99
101
117
118
116
112
130
125
130
131
125
130
133
134
134
140
137
144
143
141
159
173
185
191
189
111
124
112
111
103
107
104
101
103
97
104
95
107
93
119
105
118
116
136
138
166
184
192
95
114
103
86
71
75
72
65
64
66
63
59
65
59
66
66
76
81
92
99
111
134
161
91
105
87
69
51
44
38
34
33
32
32
31
32
30
31
31
37
35
41
30
26
39
71
82
95
83
59
44
34
26
19
19
17
21
18
20
17
20
17
16
10
-1
-23
-32
-47
-20
64
79
66
49
35
27
21
15
13
13
15
15
17
15
17
12
9
-2
-14
-33
-48
-57
-38
51
64
53
39
28
23
18
16
14
14
15
18
19
19
21
17
15
5
-7
-18
-25
-30
-17
40
49
41
31
25
22
18
17
16
16
17
20
24
26
28
28
26
21
14
8
2
3
9
31
37
33
27
23
21
20
19
19
21
21
23
30
33
36
39
39
37
34
29
25
28
36
25
29
26
23
22
21
22
22
22
24
26
31
37
43
44
46
50
52
53
53
49
48
41
21
23
20
20
20
23
25
27
28
31
34
39
48
56
60
58
62
67
71
76
78
67
36
14
16
15
17
20
24
29
32
34
38
43
51
60
71
82
81
73
79
83
94
105
97
43
5
7
8
14
21
26
34
41
44
47
52
55
67
78
93
90
63
41
48
91
131
113
61
1
0
4
12
21
31
42
49
54
57
56
55
58
63
69
73
40
0
0
55
69
86
72
0
1
3
9
17
30
45
58
65
68
65
59
48
39
35
34
9
-11
-5
-33
-9
53
62
2
4
6
10
18
29
44
61
73
85
83
77
63
43
20
3
-15
-29
-41
-46
-22
26
33
1
2
6
10
16
26
39
56
76
96
102
100
94
77
38
13
-3
-24
-47
-64
-61
-38
-28
-3
-2
1
7
13
20
31
46
61
83
101
109
110
94
66
42
25
12
-18
-53
-66
-64
-59
-6
-5
0
5
10
14
18
27
36
55
69
64
68
53
64
52
25
38
13
-6
-27
-32
-22
-6
-5
-1
6
10
12
13
13
16
25
34
24
-3
-8
35
38
0
0
0
24
25
18
17
56
60
43
55
63
70
65
80
75
79
72
73
61
69
82
91
96
99
94
102
96
101
104
102
104
95
100
100
100
109
118
122
120
140
162
164
84
97
84
72
75
71
69
65
68
64
65
68
74
81
85
100
120
144
70
88
67
53
43
35
33
32
30
31
30
29
32
37
47
34
42
60
68
82
56
40
27
19
15
14
15
15
15
15
15
11
-2
-18
-29
-29
50
64
45
32
20
13
10
11
13
14
15
15
16
9
-7
-22
-37
-29
38
46
35
27
19
15
14
14
16
21
24
28
27
21
12
4
2
5
30
36
28
24
21
18
19
20
20
27
34
36
42
44
40
32
30
40
22
27
23
23
22
22
22
23
26
36
45
48
56
64
67
66
59
60
17
19
18
23
26
28
31
36
39
50
60
66
72
85
95
101
103
61
9
11
12
22
29
35
42
46
52
61
72
83
83
74
100
92
138
85
2
3
10
21
34
44
51
55
55
55
61
73
65
20
0
44
87
85
1
3
7
19
35
51
66
72
69
63
51
36
23
-26
-49
-49
1
68
2
4
8
17
30
46
70
91
94
88
69
38
8
-25
-53
-60
-40
0
-2
0
6
14
24
39
65
91
108
112
102
69
45
28
-3
-48
-70
-70
-5
-3
3
11
18
27
38
70
88
83
67
71
63
63
48
3
-33
-44
42
48
38
44
43
36
47
56
51
59
54
55
50
49
50
63
68
69
70
80
71
79
80
74
78
70
75
71
73
82
88
93
91
107
122
132
64
78
67
59
57
56
53
49
52
48
49
52
59
65
68
82
97
118
57
73
57
47
37
30
29
28
25
27
26
24
29
34
40
38
38
56
56
66
48
34
22
15
12
11
12
12
12
11
11
8
0
-9
-12
-10
44
54
39
28
17
11
8
9
11
13
14
14
16
10
-4
-19
-22
-15
33
42
33
26
17
14
12
13
15
20
24
27
28
21
15
9
6
11
27
31
27
23
20
17
17
18
19
26
34
37
43
49
43
36
38
50
19
25
22
23
21
21
21
22
25
34
44
51
63
76
78
73
64
65
15
18
17
23
26
28
31
35
36
46
56
66
76
97
113
114
102
57
8
11
13
22
30
34
43
48
49
55
70
76
80
92
127
98
131
65
2
5
10
21
34
43
50
54
54
55
61
74
59
24
5
18
77
79
1
3
7
19
35
49
62
69
71
65
58
45
22
-39
-82
-56
2
59
2
4
8
17
30
44
67
88
93
90
73
48
19
-25
-66
-67
-45
-11
-1
1
6
14
24
39
65
91
108
109
99
74
57
44
17
-30
-61
-67
-3
-2
4
11
20
30
51
81
102
94
83
81
74
82
68
13
-32
-52
30
38
35
31
31
26
31
30
28
34
25
42
34
32
30
44
58
66
48
59
52
57
59
51
57
47
50
53
51
59
64
67
68
82
99
108
49
59
52
47
43
42
39
37
38
35
35
37
44
50
52
65
79
98
45
57
48
38
30
23
22
21
20
21
20
17
20
26
29
34
35
51
43
52
40
29
18
12
10
10
10
11
10
9
8
5
2
-6
-8
-3
34
44
34
24
14
8
7
7
10
12
13
13
13
8
-3
-13
-15
-8
28
36
30
24
16
13
11
12
15
20
24
27
28
22
17
7
8
13
25
28
26
22
19
16
16
17
18
25
32
39
41
51
46
35
38
53
17
23
22
22
21
21
20
21
24
33
42
51
64
78
81
74
63
67
11
16
17
23
26
27
31
33
33
43
52
61
75
104
127
124
100
52
6
9
13
21
31
34
41
45
46
51
64
67
74
96
130
103
115
52
3
6
11
21
33
41
48
52
53
55
61
65
52
29
7
4
63
60
2
4
8
18
33
45
59
65
69
64
58
48
23
-39
-80
-57
-3
38
3
4
8
16
29
42
63
83
88
84
70
53
19
-36
-70
-71
-49
-17
0
2
6
14
25
40
64
87
106
105
94
73
61
48
19
-26
-55
-62
-2
-1
4
11
20
31
56
87
109
107
92
83
80
87
75
17
-30
-49
18
22
20
20
16
13
18
17
16
20
18
25
24
24
25
33
46
49
30
36
35
34
32
28
35
25
26
33
27
29
37
38
47
57
72
82
33
40
40
35
31
28
26
25
25
23
21
21
30
37
41
47
57
76
30
39
37
26
21
16
13
13
13
13
11
9
10
16
18
22
28
45
29
37
33
23
15
9
8
8
9
9
8
7
6
3
4
-2
-1
-1
24
32
29
19
12
5
5
6
8
10
11
12
10
5
0
-7
-11
-9
23
29
27
21
14
10
9
10
13
19
23
25
28
26
21
7
8
5
21
25
24
22
18
15
14
15
18
24
30
37
40
52
50
34
36
52
16
20
21
21
21
20
20
21
24
32
38
50
62
79
84
74
63
67
9
14
16
22
24
27
29
30
32
40
46
57
71
103
123
117
87
53
4
9
13
21
28
33
37
40
42
46
53
59
70
94
120
101
90
38
3
7
11
20
29
38
45
50
52
54
55
56
45
29
6
5
48
40
3
5
9
18
29
40
53
59
63
60
61
51
23
-29
-65
-56
-10
24
3
5
7
15
26
40
58
74
82
75
70
56
19
-20
-56
-62
-46
-25
1
2
6
13
23
39
61
85
97
98
89
71
63
48
19
-19
-47
-56
-1
1
4
11
20
30
54
86
110
107
90
82
79
82
69
21
-23
-49