-26200
-23200
-20200
-17100
-14100
-11100
-8050
-5030
-2000
1030
4050
7080
10100
13100
16200
19200
22200
25200
-26200
-23200
-20200
-17100
-14100
-11100
-8050
-5030
-2000
1030
4050
7080
10100
13100
16200
19200
22200
25200
-26200
-23200
-20200
-17100
-14100
-11100
-8050
-5030
-2000
1030
4050
7080
10100
13100
16200
19200
22200
25200
-26200
-23200
-20200
-17100
-14100
-11100
-8050
-5030
-2000
1030
4050
7080
10100
13100
16200
19200
22200
25200
-26200
-23200
-20200
-17100
-14100
-11100
-8050
-5030
-2000
1030
4050
7080
10100
13100
16200
19200
22200
25200
-26200
-23200
-20200
-17100
-14100
-11100
-8050
-5030
-2000
1030
4050
7080
10100
13100
16200
19200
22200
25200
-26200
-23200
-20200
-17100
-14100
-11100
-8050
-5030
-2000
1030
4050
7080
10100
13100
16200
19200
22200
25200
-26200
-23200
-20200
-17100
-14100
-11100
-8050
-5030
-2000
1030
4050
7080
10100
13100
16200
19200
22200
25200
-26200
-23200
-20200
-17100
-14100
-11100
-8050
-5030
-2000
1030
4050
7080
10100
13100
16200
19200
22200
25200
-26200
-23200
-20200
-17100
-14100
-11100
-8050
-5030
-2000
1030
4050
7080
10100
13100
16200
19200
22200
25200
-26200
-23200
-20200
-17100
-14100
-11100
-8050
-5030
-2000
1030
4050
7080
10100
13100
16200
19200
22200
25200
-26200
-23200
-20200
-17100
-14100
-11100
-8050
-5030
-2000
1030
4050
7080
10100
13100
16200
19200
22200
25200
-26200
-23200
-20200
-17100
-14100
-11100
-8050
-5030
-2000
1030
4050
7080
10100
13100
16200
19200
22200
25200
-26200
-23200
-20200
-17100
-14100
-11100
-8050
-5030
-2000
1030
4050
7080
10100
13100
16200
19200
22200
25200
-26200
-23200
-20200
-17100
-14100
-11100
-8050
-5030
-2000
1030
4050
7080
10100
13100
16200
19200
22200
25200
-26200
-23200
-20200
-17100
-14100
-11100
-8050
-5030
-2000
1030
4050
7080
10100
13100
16200
19200
22200
25200
-26200
-23200
-20200
-17100
-14100
-11100
-8050
-5030
-2000
1030
4050
7080
10100
13100
16200
19200
22200
25200
-26200
-23200
-20200
-17100
-14100
-11100
-8050
-5030
-2000
1030
4050
7080
10100
13100
16200
19200
22200
25200
-26200
-23200
-20200
-17100
-14100
-11100
-8050
-5030
-2000
1030
4050
7080
10100
13100
16200
19200
22200
25200
-26200
-23200
-20200
-17100
-14100
-11100
-8050
-5030
-2000
1030
4050
7080
10100
13100
16200
19200
22200
25200
-26200
-23200
-20200
-17100
-14100
-11100
-8050
-5030
-2000
1030
4050
7080
10100
13100
16200
19200
22200
25200
-26200
-23200
-20200
-17100
-14100
-11100
-8050
-5030
-2000
1030
4050
7080
10100
13100
16200
19200
22200
25200
-26200
-23200
-20200
-17100
-14100
-11100
-8050
-5030
-2000
1030
4050
7080
10100
13100
16200
19200
22200
25200
-26200
-23200
-20200
-17100
-14100
-11100
-8050
-5030
-2000
1030
4050
7080
10100
13100
16200
19200
22200
25200
-26200
-23200
-20200
-17100
-14100
-11100
-8050
-5030
-2000
1030
4050
7080
10100
13100
16200
19200
22200
25200
-26200
-23200
-20200
-17100
-14100
-11100
-8050
-5030
-2000
1030
4050
7080
10100
13100
16200
19200
22200
25200
-26200
-23200
-20200
-17100
-14100
-11100
-8050
-5030
-2000
1030
4050
7080
10100
13100
16200
19200
22200
25200
-26200
-23200
-20200
-17100
-14100
-11100
-8050
-5030
-2000
1030
4050
7080
10100
13100
16200
19200
22200
25200
-26200
-23200
-20200
-17100
-14100
-11100
-8050
-5030
-2000
1030
4050
7080
10100
13100
16200
19200
22200
25200
-26200
-23200
-20200
-17100
-14100
-11100
-8050
-5030
-2000
1030
4050
7080
10100
13100
16200
19200
22200
25200
-26200
-23200
-20200
-17100
-14100
-11100
-8050
-5030
-2000
1030
4050
7080
10100
13100
16200
19200
22200
25200
-26200
-23200
-20200
-17100
-14100
-11100
-8050
-5030
-2000
1030
4050
7080
10100
13100
16200
19200
22200
25200
-26500
-24100
-21700
-19300
-16900
-14500
-12100
-9640
-7230
-4820
-2410
2
2410
4820
7230
9640
12100
14500
16900
19300
21700
24100
26500
-26500
-24100
-21700
-19300
-16900
-14500
-12100
-9640
-7230
-4820
-2410
2
2410
4820
7230
9640
12100
14500
16900
19300
21700
24100
26500
-26500
-24100
-21700
-19300
-16900
-14500
-12100
-9640
-7230
-4820
-2410
2
2410
4820
7230
9640
12100
14500
16900
19300
21700
24100
26500
-26500
-24100
-21700
-19300
-16900
-14500
-12100
-9640
-7230
-4820
-2410
2
2410
4820
7230
9640
12100
14500
16900
19300
21700
24100
26500
-26500
-24100
-21700
-19300
-16900
-14500
-12100
-9640
-7230
-4820
-2410
2
2410
4820
7230
9640
12100
14500
16900
19300
21700
24100
26500
-26500
-24100
-21700
-19300
-16900
-14500
-12100
-9640
-7230
-4820
-2410
2
2410
4820
7230
9640
12100
14500
16900
19300
21700
24100
26500
-26500
-24100
-21700
-19300
-16900
-14500
-12100
-9640
-7230
-4820
-2410
2
2410
4820
7230
9640
12100
14500
16900
19300
21700
24100
26500
-26500
-24100
-21700
-19300
-16900
-14500
-12100
-9640
-7230
-4820
-2410
2
2410
4820
7230
9640
12100
14500
16900
19300
21700
24100
26500
-26500
-24100
-21700
-19300
-16900
-14500
-12100
-9640
-7230
-4820
-2410
2
2410
4820
7230
9640
12100
14500
16900
19300
21700
24100
26500
-26500
-24100
-21700
-19300
-16900
-14500
-12100
-9640
-7230
-4820
-2410
2
2410
4820
7230
9640
12100
14500
16900
19300
21700
24100
26500
-26500
-24100
-21700
-19300
-16900
-14500
-12100
-9640
-7230
-4820
-2410
2
2410
4820
7230
9640
12100
14500
16900
19300
21700
24100
26500
-26500
-24100
-21700
-19300
-16900
-14500
-12100
-9640
-7230
-4820
-2410
2
2410
4820
7230
9640
12100
14500
16900
19300
21700
24100
26500
-26500
-24100
-21700
-19300
-16900
-14500
-12100
-9640
-7230
-4820
-2410
2
2410
4820
7230
9640
12100
14500
16900
19300
21700
24100
26500
-26500
-24100
-21700
-19300
-16900
-14500
-12100
-9640
-7230
-4820
-2410
2
2410
4820
7230
9640
12100
14500
16900
19300
21700
24100
26500
-26500
-24100
-21700
-19300
-16900
-14500
-12100
-9640
-7230
-4820
-2410
2
2410
4820
7230
9640
12100
14500
16900
19300
21700
24100
26500
-26500
-24100
-21700
-19300
-16900
-14500
-12100
-9640
-7230
-4820
-2410
2
2410
4820
7230
9640
12100
14500
16900
19300
21700
24100
26500
-26500
-24100
-21700
-19300
-16900
-14500
-12100
-9640
-7230
-4820
-2410
2
2410
4820
7230
9640
12100
14500
16900
19300
21700
24100
26500
-26500
-24100
-21700
-19300
-16900
-14500
-12100
-9640
-7230
-4820
-2410
2
2410
4820
7230
9640
12100
14500
16900
19300
21700
24100
26500
-26500
-24100
-21700
-19300
-16900
-14500
-12100
-9640
-7230
-4820
-2410
2
2410
4820
7230
9640
12100
14500
16900
19300
21700
24100
26500
-26500
-24100
-21700
-19300
-16900
-14500
-12100
-9640
-7230
-4820
-2410
2
2410
4820
7230
9640
12100
14500
16900
19300
21700
24100
26500
-26500
-24100
-21700
-19300
-16900
-14500
-12100
-9640
-7230
-4820
-2410
2
2410
4820
7230
9640
12100
14500
16900
19300
21700
24100
26500
-26500
-24100
-21700
-19300
-16900
-14500
-12100
-9640
-7230
-4820
-2410
2
2410
4820
7230
9640
12100
14500
16900
19300
21700
24100
26500
-26500
-24100
-21700
-19300
-16900
-14500
-12100
-9640
-7230
-4820
-2410
2
2410
4820
7230
9640
12100
14500
16900
19300
21700
24100
26500
-26500
-24100
-21700
-19300
-16900
-14500
-12100
-9640
-7230
-4820
-2410
2
2410
4820
7230
9640
12100
14500
16900
19300
21700
24100
26500
-26500
-24100
-21700
-19300
-16900
-14500
-12100
-9640
-7230
-4820
-2410
2
2410
4820
7230
9640
12100
14500
16900
19300
21700
24100
26500
-26500
-24100
-21700
-19300
-16900
-14500
-12100
-9640
-7230
-4820
-2410
2
2410
4820
7230
9640
12100
14500
16900
19300
21700
24100
26500
-26500
-24100
-21700
-19300
-16900
-14500
-12100
-9640
-7230
-4820
-2410
2
2410
4820
7230
9640
12100
14500
16900
19300
21700
24100
26500
-26500
-24100
-21700
-19300
-16900
-14500
-12100
-9640
-7230
-4820
-2410
2
2410
4820
7230
9640
12100
14500
16900
19300
21700
24100
26500
-26500
-24100
-21700
-19300
-16900
-14500
-12100
-9640
-7230
-4820
-2410
2
2410
4820
7230
9640
12100
14500
16900
19300
21700
24100
26500
-26500
-24100
-21700
-19300
-16900
-14500
-12100
-9640
-7230
-4820
-2410
2
2410
4820
7230
9640
12100
14500
16900
19300
21700
24100
26500
-26500
-24100
-21700
-19300
-16900
-14500
-12100
-9640
-7230
-4820
-2410
2
2410
4820
7230
9640
12100
14500
16900
19300
21700
24100
26500
-26500
-24100
-21700
-19300
-16900
-14500
-12100
-9640
-7230
-4820
-2410
2
2410
4820
7230
9640
12100
14500
16900
19300
21700
24100
26500
-26500
-24100
-21700
-19300
-16900
-14500
-12100
-9640
-7230
-4820
-2410
2
2410
4820
7230
9640
12100
14500
16900
19300
21700
24100
26500
-26500
-24100
-21700
-19300
-16900
-14500
-12100
-9640
-7230
-4820
-2410
2
2410
4820
7230
9640
12100
14500
16900
19300
21700
24100
26500
-26500
-24100
-21700
-19300
-16900
-14500
-12100
-9640
-7230
-4820
-2410
2
2410
4820
7230
9640
12100
14500
16900
19300
21700
24100
26500
-26500
-24100
-21700
-19300
-16900
-14500
-12100
-9640
-7230
-4820
-2410
2
2410
4820
7230
9640
12100
14500
16900
19300
21700
24100
26500
-26500
-24100
-21700
-19300
-16900
-14500
-12100
-9640
-7230
-4820
-2410
2
2410
4820
7230
9640
12100
14500
16900
19300
21700
24100
26500
-26500
-24100
-21700
-19300
-16900
-14500
-12100
-9640
-7230
-4820
-2410
2
2410
4820
7230
9640
12100
14500
16900
19300
21700
24100
26500
-26500
-24100
-21700
-19300
-16900
-14500
-12100
-9640
-7230
-4820
-2410
2
2410
4820
7230
9640
12100
14500
16900
19300
21700
24100
26500
-26500
-24100
-21700
-19300
-16900
-14500
-12100
-9640
-7230
-4820
-2410
2
2410
4820
7230
9640
12100
14500
16900
19300
21700
24100
26500
-26500
-24100
-21700
-19300
-16900
-14500
-12100
-9640
-7230
-4820
-2410
2
2410
4820
7230
9640
12100
14500
16900
19300
21700
24100
26500
-26500
-24100
-21700
-19300
-16900
-14500
-12100
-9640
-7230
-4820
-2410
2
2410
4820
7230
9640
12100
14500
16900
19300
21700
24100
26500
-26500
-24100
-21700
-19300
-16900
-14500
-12100
-9640
-7230
-4820
-2410
2
2410
4820
7230
9640
12100
14500
16900
19300
21700
24100
26500
-26500
-24100
-21700
-19300
-16900
-14500
-12100
-9640
-7230
-4820
-2410
2
2410
4820
7230
9640
12100
14500
16900
19300
21700
24100
26500
-26500
-24100
-21700
-19300
-16900
-14500
-12100
-9640
-7230
-4820
-2410
2
2410
4820
7230
9640
12100
14500
16900
19300
21700
24100
26500
-26500
-24100
-21700
-19300
-16900
-14500
-12100
-9640
-7230
-4820
-2410
2
2410
4820
7230
9640
12100
14500
16900
19300
21700
24100
26500
-26500
-24100
-21700
-19300
-16900
-14500
-12100
-9640
-7230
-4820
-2410
2
2410
4820
7230
9640
12100
14500
16900
19300
21700
24100
26500
-26500
-24100
-21700
-19300
-16900
-14500
-12100
-9640
-7230
-4820
-2410
2
2410
4820
7230
9640
12100
14500
16900
19300
21700
24100
26500
-26500
-24100
-21700
-19300
-16900
-14500
-12100
-9640
-7230
-4820
-2410
2
2410
4820
7230
9640
12100
14500
16900
19300
21700
24100
26500
-26500
-24100
-21700
-19300
-16900
-14500
-12100
-9640
-7230
-4820
-2410
2
2410
4820
7230
9640
12100
14500
16900
19300
21700
24100
26500
-26500
-24100
-21700
-19300
-16900
-14500
-12100
-9640
-7230
-4820
-2410
2
2410
4820
7230
9640
12100
14500
16900
19300
21700
24100
26500
-26500
-24100
-21700
-19300
-16900
-14500
-12100
-9640
-7230
-4820
-2410
2
2410
4820
7230
9640
12100
14500
16900
19300
21700
24100
26500
-26500
-24100
-21700
-19300
-16900
-14500
-12100
-9640
-7230
-4820
-2410
2
2410
4820
7230
9640
12100
14500
16900
19300
21700
24100
26500
-26500
-24100
-21700
-19300
-16900
-14500
-12100
-9640
-7230
-4820
-2410
2
2410
4820
7230
9640
12100
14500
16900
19300
21700
24100
26500
-26500
-24100
-21700
-19300
-16900
-14500
-12100
-9640
-7230
-4820
-2410
2
2410
4820
7230
9640
12100
14500
16900
19300
21700
24100
26500
-26500
-24100
-21700
-19300
-16900
-14500
-12100
-9640
-7230
-4820
-2410
2
2410
4820
7230
9640
12100
14500
16900
19300
21700
24100
26500
-26500
-24100
-21700
-19300
-16900
-14500
-12100
-9640
-7230
-4820
-2410
2
2410
4820
7230
9640
12100
14500
16900
19300
21700
24100
26500
-26500
-24100
-21700
-19300
-16900
-14500
-12100
-9640
-7230
-4820
-2410
2
2410
4820
7230
9640
12100
14500
16900
19300
21700
24100
26500
-26500
-24100
-21700
-19300
-16900
-14500
-12100
-9640
-7230
-4820
-2410
2
2410
4820
7230
9640
12100
14500
16900
19300
21700
24100
26500
-26500
-24100
-21700
-19300
-16900
-14500
-12100
-9640
-7230
-4820
-2410
2
2410
4820
7230
9640
12100
14500
16900
19300
21700
24100
26500
-26500
-24100
-21700
-19300
-16900
-14500
-12100
-9640
-7230
-4820
-2410
2
2410
4820
7230
9640
12100
14500
16900
19300
21700
24100
26500
-26500
-24100
-21700
-19300
-16900
-14500
-12100
-9640
-7230
-4820
-2410
2
2410
4820
7230
9640
12100
14500
16900
19300
21700
24100
26500
-26500
-24100
-21700
-19300
-16900
-14500
-12100
-9640
-7230
-4820
-2410
2
2410
4820
7230
9640
12100
14500
16900
19300
21700
24100
26500