-16
-49
-14
-5
-8
-14
-10
-13
-20
-21
-25
-30
-33
-39
-31
-47
-41
-35
27
51
3
-6
-1
-15
-12
-12
-22
-24
-26
-31
-36
-53
-74
-110
-118
-70
57
88
48
22
5
-3
-15
-22
-29
-33
-47
-50
-70
-82
-102
-125
-138
-52
59
87
57
35
13
-6
-19
-32
-41
-59
-58
-59
-86
-83
-73
-40
0
0
37
66
44
29
16
-3
-27
-37
-53
-74
-76
-75
-77
-74
-56
-17
-1
-18
33
52
28
21
7
-11
-31
-45
-64
-71
-80
-80
-76
-59
-48
-32
-13
3
21
40
18
7
-5
-18
-33
-51
-69
-79
-85
-104
-87
-61
-39
-27
-17
-14
12
21
8
-4
-15
-25
-41
-48
-67
-68
-82
-87
-72
-60
-36
-18
-24
-44
8
15
2
-9
-22
-32
-47
-60
-59
-65
-82
-79
-64
-54
-27
-3
-10
-42
2
12
-2
-17
-32
-36
-43
-44
-62
-70
-69
-71
-61
-65
-20
26
36
10
-1
2
-9
-28
-44
-40
-45
-45
-53
-57
-50
-36
-34
-48
-2
36
62
68
3
-6
-19
-37
-49
-53
-45
-39
-30
-26
-30
-21
0
-1
0
-28
57
42
-5
-7
-23
-51
-65
-58
-48
-38
-16
4
7
0
0
0
-1
0
-6
28
-5
-10
-23
-41
-60
-59
-51
-33
-17
15
38
46
32
17
7
0
0
0
-3
-8
-23
-42
-46
-50
-46
-33
-10
1
42
54
52
59
67
59
38
13
-6
-12
-23
-34
-36
-33
-15
0
0
0
0
20
4
31
72
68
54
17
6
-12
-10
-6
-6
-12
-11
-11
-16
-20
-24
-27
-35
-44
-48
-62
-66
-49
40
49
12
-4
-2
-17
-17
-18
-29
-34
-35
-44
-57
-82
-111
-159
-173
-103
62
96
61
29
7
-5
-20
-31
-41
-49
-62
-72
-100
-117
-146
-185
-179
-98
61
99
71
45
18
-6
-26
-44
-54
-71
-79
-88
-110
-119
-121
-81
-2
-43
40
77
57
40
20
-5
-32
-48
-73
-86
-103
-103
-104
-103
-88
-39
-15
-30
38
58
37
24
8
-15
-40
-61
-81
-98
-108
-111
-107
-93
-75
-53
-27
-1
25
46
24
7
-7
-28
-43
-65
-90
-104
-118
-122
-108
-83
-58
-38
-26
-25
14
24
11
-4
-19
-38
-52
-62
-90
-97
-117
-120
-105
-79
-53
-28
-36
-74
11
14
3
-14
-30
-46
-62
-78
-85
-98
-111
-107
-92
-83
-44
-5
-15
-64
5
13
-7
-27
-40
-54
-57
-67
-87
-91
-96
-94
-92
-100
-34
39
54
27
0
-1
-18
-41
-56
-60
-63
-62
-71
-77
-77
-59
-62
-77
-7
61
106
113
1
-15
-33
-57
-71
-73
-63
-56
-42
-39
-41
-33
-4
-2
0
-37
74
78
-7
-14
-34
-65
-79
-83
-69
-53
-26
-2
10
-1
0
70
1
0
-24
34
-7
-16
-33
-57
-90
-91
-80
-52
-25
19
56
63
42
31
38
18
-14
0
-5
-15
-36
-54
-71
-79
-64
-55
-18
-4
55
79
69
81
119
98
55
20
-8
-19
-36
-49
-58
-60
-37
-2
-4
-9
0
29
-4
43
115
116
84
26
16
5
0
-5
-3
-4
-6
-9
-8
-9
-13
-16
-16
-20
-24
-29
-36
-37
-56
-60
-68
-56
-48
37
41
22
1
-3
-3
-12
-19
-16
-20
-27
-34
-35
-40
-45
-57
-79
-96
-123
-154
-163
-138
-91
44
75
60
32
12
3
-6
-17
-23
-31
-38
-45
-46
-58
-71
-93
-112
-133
-170
-210
-227
-185
-113
57
90
84
63
38
16
-1
-16
-32
-41
-50
-61
-71
-81
-101
-122
-137
-146
-172
-196
-167
-156
-111
52
86
85
68
46
26
1
-18
-38
-51
-63
-76
-95
-99
-116
-126
-139
-147
-141
-110
-66
-97
0
36
73
73
59
44
23
1
-23
-43
-59
-76
-89
-106
-117
-122
-130
-130
-125
-106
-61
-48
-41
-61
34
56
55
44
34
14
-5
-29
-52
-68
-89
-101
-118
-129
-129
-129
-121
-112
-94
-75
-50
-42
-26
27
47
42
28
15
2
-16
-39
-58
-71
-96
-116
-125
-143
-136
-130
-117
-97
-80
-66
-40
-13
0
17
33
31
15
1
-11
-27
-49
-64
-77
-99
-120
-142
-148
-145
-135
-112
-87
-64
-48
-41
-44
-75
13
20
17
5
-8
-21
-37
-56
-69
-77
-100
-110
-130
-141
-138
-132
-107
-81
-53
-33
-39
-67
-121
9
13
8
-3
-19
-31
-48
-64
-74
-87
-95
-107
-123
-132
-129
-118
-110
-87
-45
-11
-13
-58
-103
5
11
3
-12
-30
-42
-54
-65
-72
-83
-97
-108
-114
-118
-115
-124
-128
-96
-27
28
40
9
-38
2
5
-5
-23
-41
-55
-65
-69
-74
-80
-93
-99
-100
-100
-96
-110
-133
-93
0
66
97
108
111
0
-5
-18
-37
-56
-69
-73
-75
-74
-71
-74
-76
-80
-78
-62
-73
-82
-51
24
65
113
141
150
-3
-12
-28
-49
-69
-86
-86
-81
-78
-65
-51
-43
-43
-36
-35
-11
6
0
0
-33
66
94
99
-7
-15
-30
-51
-74
-90
-100
-94
-81
-63
-41
-21
0
6
-1
11
78
66
-5
4
-29
-14
89
-8
-17
-31
-49
-73
-93
-106
-102
-92
-66
-38
-6
31
53
44
33
66
87
27
0
-28
-52
32
-6
-16
-30
-50
-71
-95
-106
-102
-86
-65
-41
-12
35
76
91
84
84
96
92
58
5
22
0
-6
-15
-30
-52
-71
-82
-91
-90
-77
-63
-30
-25
5
60
77
60
73
123
151
129
89
54
-9
-9
-18
-33
-51
-65
-73
-81
-71
-49
-22
-17
-13
-12
0
24
-16
9
88
148
137
107
59
-1
-10
-21
-34
-47
-53
-57
-63
-48
-29
-32
-34
40
50
-18
-20
-13
0
0
14
51
56
30
-5
22
16
7
3
-1
-4
-6
-9
-9
-10
-13
-16
-16
-21
-27
-33
-42
-52
-69
-88
-77
-69
-51
41
43
28
11
0
-4
-11
-17
-19
-24
-30
-37
-39
-47
-55
-71
-91
-112
-136
-162
-175
-154
-112
43
67
57
33
14
5
-8
-17
-26
-35
-44
-53
-55
-68
-79
-103
-126
-149
-179
-214
-230
-197
-136
52
76
76
56
35
11
-5
-19
-34
-46
-56
-68
-78
-91
-107
-131
-148
-163
-193
-213
-206
-215
-164
50
76
78
66
46
23
-2
-22
-41
-57
-72
-85
-104
-110
-128
-141
-151
-163
-169
-146
-134
-172
-161
33
62
70
60
45
24
-2
-27
-47
-66
-84
-100
-117
-130
-138
-146
-146
-147
-136
-101
-89
-108
-166
29
49
53
44
31
14
-10
-34
-59
-75
-97
-113
-130
-147
-144
-145
-141
-132
-119
-101
-86
-72
-44
23
39
40
28
15
2
-21
-43
-66
-81
-103
-126
-137
-160
-156
-146
-133
-117
-99
-82
-56
-22
-7
16
28
26
14
-1
-13
-32
-54
-72
-85
-106
-128
-147
-164
-166
-151
-128
-98
-75
-62
-58
-55
-91
11
16
15
4
-12
-25
-42
-61
-77
-88
-107
-126
-140
-158
-158
-150
-123
-91
-62
-41
-49
-86
-135
7
9
5
-6
-22
-35
-53
-69
-81
-94
-105
-120
-138
-146
-147
-143
-130
-96
-49
-12
-16
-64
-112
4
5
-3
-17
-34
-47
-61
-72
-81
-92
-106
-120
-129
-132
-130
-143
-146
-110
-37
27
52
27
-37
1
-1
-11
-30
-47
-61
-72
-76
-82
-90
-104
-109
-111
-113
-111
-133
-150
-104
-2
80
113
129
126
-2
-10
-24
-45
-66
-79
-86
-88
-86
-83
-83
-82
-86
-85
-76
-94
-98
-67
25
66
119
164
175
-6
-17
-34
-56
-80
-95
-97
-95
-88
-71
-59
-50
-45
-37
-32
-14
-4
0
0
-33
64
98
138
-9
-20
-37
-59
-82
-99
-106
-105
-94
-73
-50
-28
-3
8
12
36
101
69
-17
4
-44
-32
100
-9
-21
-38
-57
-80
-100
-114
-116
-105
-80
-50
-14
26
54
60
71
112
117
34
0
-56
-69
20
-7
-20
-37
-57
-79
-100
-115
-118
-100
-81
-55
-21
29
75
93
99
109
122
98
52
11
29
0
-7
-19
-36
-57
-77
-95
-108
-107
-98
-81
-51
-29
-1
58
67
62
79
137
158
141
97
60
-2
-9
-21
-38
-57
-70
-86
-96
-89
-74
-61
-35
-13
-15
0
19
-25
3
89
152
142
115
70
5
-10
-22
-35
-50
-59
-67
-77
-65
-59
-70
-38
41
51
-1
-28
-20
0
0
15
58
57
30
-4
23
18
11
6
-1
-3
-6
-9
-9
-11
-14
-17
-20
-22
-27
-32
-40
-56
-73
-90
-77
-70
-51
41
39
32
15
4
-3
-11
-16
-20
-25
-33
-39
-46
-52
-62
-80
-95
-117
-138
-166
-175
-157
-117
44
62
51
30
12
3
-9
-19
-28
-38
-47
-57
-62
-75
-85
-106
-131
-156
-183
-216
-230
-219
-171
44
65
65
47
29
10
-6
-21
-36
-49
-61
-74
-82
-98
-114
-134
-158
-175
-208
-225
-226
-263
-232
40
67
69
57
41
19
-7
-25
-46
-63
-80
-96
-110
-124
-138
-154
-168
-181
-194
-191
-182
-251
-283
31
55
60
53
38
17
-7
-31
-53
-72
-93
-110
-129
-142
-151
-159
-164
-164
-161
-146
-153
-179
-235
25
44
47
40
27
7
-15
-40
-65
-84
-105
-123
-142
-154
-159
-160
-158
-150
-136
-126
-116
-100
-50
19
34
33
23
9
-4
-26
-48
-73
-90
-112
-134
-149
-169
-168
-161
-149
-132
-116
-98
-70
-42
-11
14
25
21
9
-5
-18
-37
-59
-79
-94
-114
-136
-153
-170
-177
-161
-139
-113
-91
-77
-61
-62
-96
9
12
9
-1
-17
-30
-48
-66
-85
-97
-115
-133
-152
-164
-171
-160
-138
-99
-69
-45
-54
-90
-143
4
5
0
-11
-27
-41
-58
-74
-88
-101
-116
-133
-149
-156
-158
-157
-139
-100
-51
-12
-19
-67
-113
1
1
-7
-22
-39
-52
-67
-79
-89
-99
-115
-126
-138
-140
-140
-155
-154
-109
-36
28
55
25
-44
-1
-4
-16
-36
-52
-65
-79
-84
-90
-100
-110
-114
-116
-117
-117
-143
-161
-104
-4
82
121
130
110
-3
-12
-27
-48
-68
-81
-91
-92
-92
-89
-90
-87
-89
-92
-79
-95
-100
-66
22
71
112
184
199
-7
-19
-37
-60
-81
-95
-102
-102
-93
-83
-70
-58
-46
-33
-22
-16
-11
0
0
-18
33
94
151
-10
-23
-41
-64
-85
-101
-110
-109
-98
-78
-56
-33
-4
14
23
54
108
61
-9
1
-43
-38
84
-10
-25
-42
-63
-85
-105
-118
-120
-112
-86
-56
-20
24
53
71
96
143
124
40
-5
-62
-65
13
-9
-23
-42
-62
-87
-108
-123
-128
-114
-92
-65
-26
27
65
90
108
129
140
104
56
20
27
0
-9
-23
-42
-61
-85
-103
-122
-122
-114
-92
-60
-24
4
47
60
51
73
137
162
149
107
66
8
-11
-23
-40
-60
-80
-96
-111
-112
-102
-85
-47
-3
5
17
6
-30
-4
76
139
144
127
76
12
-10
-23
-37
-54
-66
-78
-91
-91
-90
-94
-45
34
62
12
-22
-21
0
0
8
54
51
33
-4