900
821
790
879
908
900
907
912
906
906
918
890
851
858
842
831
829
829
706
556
580
634
654
654
693
709
716
693
722
721
639
613
615
589
529
511
568
401
405
496
479
512
496
513
515
504
583
477
478
450
462
392
202
133
463
322
363
397
441
487
421
465
466
461
427
400
472
367
345
234
0
0
370
244
274
323
364
373
422
377
414
458
408
397
400
365
299
214
118
39
348
212
239
326
331
395
408
369
403
381
374
349
350
302
278
222
167
96
301
201
205
274
325
375
368
370
405
380
345
391
341
299
261
248
185
117
271
194
215
271
343
325
385
333
379
307
319
306
251
256
244
219
197
145
259
177
183
255
296
326
377
401
331
289
320
290
213
173
178
172
209
175
246
177
203
261
336
319
329
295
335
312
274
274
173
127
98
131
202
169
259
130
203
254
331
287
313
316
334
285
194
162
151
70
21
78
152
156
274
177
204
259
309
317
276
303
289
222
149
75
107
40
0
80
105
142
297
229
246
359
369
291
222
253
271
214
115
0
0
0
0
0
50
76
315
224
270
309
332
243
164
151
197
154
113
61
32
22
6
0
0
0
307
236
267
348
275
212
94
71
86
75
82
87
84
64
61
69
68
37
330
231
267
325
269
191
64
0
0
0
0
29
41
27
56
105
127
104
905
876
887
931
936
944
939
943
955
947
950
938
913
912
905
896
894
892
732
703
727
770
790
803
811
815
843
828
828
820
781
780
763
726
657
627
576
562
571
629
648
631
626
669
671
664
692
630
642
617
632
570
330
242
484
466
477
534
575
594
563
588
587
581
563
561
580
514
538
421
28
79
380
383
432
459
491
530
520
466
546
530
538
524
513
483
449
362
224
83
376
352
349
424
463
512
513
511
507
508
494
475
481
454
412
358
287
164
335
338
343
402
444
535
479
473
529
500
483
470
425
403
376
337
286
206
325
309
342
395
437
492
481
435
511
444
453
427
378
345
345
328
297
248
306
316
316
391
428
461
496
520
468
443
440
395
308
281
282
289
310
285
286
300
338
389
429
466
438
455
482
428
393
370
272
215
192
222
314
300
287
276
339
388
443
430
452
446
460
400
327
274
266
121
50
143
269
265
305
326
364
421
455
446
394
429
414
357
248
150
198
90
0
116
140
240
338
363
379
485
463
423
342
363
376
334
215
97
0
100
22
31
77
133
355
327
410
456
495
389
287
259
285
264
200
127
77
69
77
27
60
0
356
373
418
456
431
335
173
137
163
140
128
157
136
101
122
124
120
67
365
378
428
469
429
334
116
18
51
46
0
121
118
49
86
189
212
173
914
927
935
934
957
961
967
966
965
972
968
969
969
972
965
960
953
946
958
942
930
932
921
797
804
792
813
868
871
879
879
885
893
898
901
901
893
885
865
865
859
858
833
790
766
767
640
694
704
739
755
771
785
779
775
801
812
812
785
796
787
792
787
770
768
719
615
542
552
567
615
626
662
698
711
723
711
724
714
724
727
730
720
735
723
703
671
687
641
434
334
262
508
557
547
598
630
671
669
661
667
669
669
661
672
660
682
659
635
627
622
520
290
249
0
402
479
512
549
575
605
632
607
609
582
615
610
615
610
615
626
602
569
546
459
352
215
85
419
468
442
498
547
577
604
594
596
583
606
591
594
597
577
585
573
556
516
475
372
314
156
359
438
429
459
517
535
580
599
587
543
601
614
583
597
558
539
535
495
480
460
383
303
175
345
423
421
461
514
535
580
600
586
557
593
603
613
589
549
509
475
466
454
423
388
330
235
374
414
429
471
492
513
559
587
578
539
586
538
558
541
505
469
417
409
413
406
402
347
279
345
399
399
450
495
507
556
583
586
590
553
531
533
521
477
411
371
367
361
377
418
386
277
315
393
409
434
507
513
550
555
555
561
561
544
509
491
448
406
340
294
280
322
420
417
289
317
393
423
432
495
524
558
557
551
551
574
540
481
445
427
385
300
175
176
240
357
398
318
299
372
431
461
506
532
536
520
533
531
540
521
452
380
332
367
262
46
50
167
247
336
289
339
415
455
493
532
563
556
511
518
522
505
472
414
294
237
281
261
0
0
112
115
305
242
357
442
462
516
570
561
573
508
462
469
475
464
368
276
208
184
235
50
6
21
68
223
189
359
436
496
532
559
564
545
463
415
389
397
403
346
261
199
147
143
144
104
0
100
159
36
385
457
459
559
593
581
521
389
301
308
310
315
283
262
227
182
153
149
141
118
147
122
0
373
477
474
574
616
553
485
360
241
192
213
209
147
145
213
193
140
142
173
190
210
156
122
411
492
514
589
616
569
505
310
181
114
150
184
61
0
224
216
76
68
160
248
284
230
207
422
512
537
592
607
542
461
280
145
141
146
149
72
36
213
230
0
0
27
267
292
264
232
900
952
951
958
966
967
970
970
975
977
974
976
976
979
980
981
977
965
969
950
947
935
937
787
837
854
877
891
895
902
905
906
915
918
914
913
909
907
913
911
904
898
872
826
806
802
649
736
782
794
812
824
832
834
833
842
855
841
835
846
840
844
857
844
825
782
679
610
635
584
676
709
735
742
768
769
769
772
776
775
771
776
784
789
776
782
758
779
709
551
483
382
545
635
661
688
702
720
736
731
733
737
741
731
738
731
748
736
706
717
705
597
471
409
258
439
576
602
640
666
693
697
684
673
662
670
683
687
696
692
697
672
665
640
554
452
367
301
444
540
554
582
635
668
675
664
659
646
664
667
657
679
642
657
648
636
610
563
500
421
251
393
515
528
553
591
621
650
666
653
625
649
675
648
671
641
612
601
583
569
533
478
373
225
385
496
542
554
602
616
648
664
656
621
650
659
656
663
638
574
550
531
508
503
469
398
287
419
490
530
555
593
601
628
657
654
626
645
629
618
624
590
543
488
478
485
484
470
422
334
381
485
491
536
593
607
630
650
652
649
627
613
614
593
551
495
447
425
426
446
472
453
310
371
481
513
545
599
609
625
634
631
635
639
622
602
570
518
480
408
342
328
377
467
485
318
370
478
525
557
604
626
635
633
625
632
667
626
571
535
518
472
350
223
218
285
409
464
366
349
481
533
570
624
649
650
633
624
622
630
604
538
471
436
455
312
70
63
182
290
388
337
395
503
553
600
634
651
651
619
612
601
594
552
506
397
363
388
315
0
0
112
114
328
313
390
512
574
613
646
641
635
601
564
552
550
544
451
386
335
328
321
58
43
12
93
275
242
379
516
593
631
632
640
620
579
524
486
485
476
430
361
327
288
245
190
121
90
193
195
27
385
535
586
639
674
646
607
519
416
437
413
395
354
338
317
275
225
209
180
171
223
158
0
403
558
593
667
685
665
592
455
374
323
330
275
224
210
272
265
194
186
208
250
268
190
138
429
587
636
693
712
672
600
413
297
273
279
244
119
0
296
265
83
83
186
285
343
298
250
442
596
642
692
692
664
579
377
280
250
193
188
100
6
315
262
0
0
30
313
357
357
320
900
960
971
975
971
974
977
975
977
977
974
975
983
981
984
986
982
979
976
964
954
944
948
788
851
886
903
909
915
919
922
925
927
930
922
933
927
933
943
933
933
926
892
854
840
822
672
782
817
840
854
862
867
866
869
873
884
870
873
874
878
882
894
880
867
825
732
683
676
593
710
765
777
782
798
808
814
815
814
812
815
816
825
828
826
844
833
833
764
610
601
507
533
690
713
737
741
761
788
785
784
788
790
789
787
796
797
798
788
784
776
708
584
554
444
476
627
681
699
717
743
761
744
743
723
740
739
756
751
757
754
747
722
715
660
609
514
446
462
613
651
667
704
730
745
731
722
712
720
725
725
724
714
718
716
697
668
644
608
521
332
428
576
626
635
670
693
716
734
727
695
711
727
712
723
697
672
666
646
632
599
555
467
268
396
571
618
625
671
685
715
733
741
708
707
715
699
707
692
628
612
593
576
563
510
454
332
445
537
612
636
665
674
702
726
732
711
705
682
687
667
647
593
556
526
534
527
503
463
366
400
559
606
626
668
678
698
719
719
707
701
694
682
653
603
554
495
465
471
493
520
485
321
432
530
603
636
677
686
701
710
705
703
711
682
669
629
578
530
452
376
361
415
515
516
301
419
529
598
641
682
701
712
709
699
715
723
692
637
600
579
526
392
249
237
305
462
511
343
355
533
610
657
698
720
723
706
699
698
704
667
611
558
537
513
327
82
57
191
306
433
392
401
549
628
675
704
720
723
701
689
683
680
638
594
515
476
469
321
0
0
71
94
350
366
394
571
649
693
711
714
703
677
635
621
613
605
542
487
434
433
339
44
20
32
120
301
260
395
590
669
710
708
714
697
658
607
574
563
540
516
464
441
396
330
203
161
181
271
200
29
426
613
673
726
751
736
694
624
542
529
513
472
428
419
407
372
310
259
221
248
286
181
0
457
631
693
752
759
744
698
561
498
436
436
369
291
284
357
330
236
225
247
306
325
243
160
497
667
725
784
798
764
695
562
437
391
372
295
211
152
339
290
80
83
184
321
393
362
290
464
658
746
784
796
760
701
550
405
341
229
212
181
164
373
296
0
0
26
328
414
449
408