148
202
262
272
265
257
289
297
321
345
343
341
344
388
360
362
385
341
208
114
93
121
138
129
140
146
139
138
159
142
108
102
104
117
121
123
232
104
33
29
22
24
27
27
26
27
36
25
26
27
34
39
33
47
224
105
27
20
18
19
15
17
18
16
16
14
14
7
11
1
0
0
179
76
19
14
12
11
11
8
11
13
10
9
5
-1
-5
-8
-16
-13
156
58
12
9
6
7
6
4
6
6
5
4
3
-1
-5
-8
-13
-9
105
43
8
5
5
5
3
3
5
5
3
5
4
3
-3
-7
-8
-5
65
25
5
4
5
3
4
3
5
5
4
5
5
8
7
4
0
-1
47
19
2
0
2
3
5
6
4
5
9
9
5
5
9
7
7
3
33
16
3
1
2
3
4
4
6
12
14
17
10
7
5
5
8
6
22
6
0
-1
0
1
4
5
9
13
13
11
9
3
3
2
5
9
16
-1
-4
-3
-1
4
8
11
10
9
10
14
22
6
0
-2
3
20
10
1
-3
3
6
8
11
17
16
9
2
0
0
0
3
0
19
10
16
6
4
5
10
10
10
15
24
10
0
-8
-17
-15
-5
0
0
0
13
7
2
4
3
2
7
24
24
14
9
3
-1
-7
-9
-11
-16
-5
-1
-3
1
2
2
-1
-5
0
0
0
0
20
17
0
-1
-2
0
4
119
178
206
217
238
220
258
237
219
261
277
260
292
305
277
294
300
283
194
165
142
163
175
173
179
175
192
188
186
177
148
165
149
175
188
197
202
140
64
49
45
40
43
52
46
49
50
39
44
52
65
80
91
119
188
132
45
32
28
25
23
25
25
24
24
22
20
16
24
7
-6
7
149
99
37
26
20
18
15
11
16
14
14
14
8
-2
-8
-21
-45
-40
134
76
23
16
12
11
9
8
8
9
8
7
6
-1
-10
-20
-32
-25
89
56
16
10
9
9
6
6
9
9
8
8
8
6
-1
-10
-14
-11
58
30
12
9
8
8
7
6
10
10
10
10
11
14
13
7
2
-1
42
25
6
4
5
7
9
10
10
13
17
16
11
14
17
16
14
10
30
21
5
3
4
8
8
11
13
21
25
30
21
16
17
16
22
19
15
8
1
1
4
6
11
11
16
22
32
34
27
9
10
10
23
25
7
-8
-6
-3
3
11
17
22
20
19
25
42
57
20
0
6
15
51
7
1
-2
5
10
17
22
31
28
20
8
1
0
21
7
10
46
34
11
6
7
8
19
22
30
39
42
26
5
-20
-38
-31
-27
-10
-7
0
8
5
3
6
8
7
23
54
55
39
21
10
-3
-14
-24
-25
-35
-16
-4
-3
2
3
4
0
-4
2
2
9
0
49
35
1
-1
-4
-3
6
88
109
141
143
133
160
140
152
147
154
159
166
165
173
169
173
187
174
182
182
223
197
216
173
178
173
188
206
224
214
226
229
231
226
227
225
229
215
206
208
213
218
245
257
271
259
167
172
120
104
103
102
106
101
103
106
113
114
106
104
101
100
108
111
122
143
168
194
195
175
168
103
67
52
46
46
44
46
50
48
47
47
49
44
45
51
57
70
86
93
130
144
160
154
88
54
40
36
31
29
28
29
31
29
28
29
27
23
21
26
26
8
-17
-1
0
124
127
75
47
35
27
25
19
18
17
19
19
17
17
16
12
3
-4
-9
-32
-68
-78
-40
113
108
56
37
28
21
18
14
12
11
13
13
12
11
11
9
0
-10
-18
-34
-50
-63
-30
89
82
41
23
17
15
13
10
9
8
10
12
11
10
11
10
5
0
-11
-22
-31
-33
-23
63
60
33
18
14
13
12
10
8
8
10
13
15
15
14
15
12
11
4
-8
-9
-11
-10
49
41
24
17
13
11
10
10
9
9
12
14
15
18
18
20
21
21
18
14
7
3
2
37
32
16
11
9
8
10
11
12
13
14
16
21
25
23
19
23
26
26
25
23
19
8
28
28
14
7
7
7
10
12
13
16
17
25
29
34
35
31
27
28
27
30
38
31
26
19
19
10
4
6
9
11
15
17
18
25
31
39
48
52
47
35
25
26
29
43
44
33
7
4
2
0
3
9
12
17
21
23
26
32
43
57
63
61
31
8
15
21
36
51
65
1
-5
-6
-4
1
8
17
25
33
35
32
30
35
41
61
81
61
0
0
17
21
62
69
4
2
-2
0
7
12
23
32
39
43
41
34
22
15
22
35
38
5
1
7
29
67
32
7
7
6
7
12
19
28
35
50
56
55
46
25
-2
-20
-30
-23
-15
-10
0
10
26
1
7
5
5
9
11
19
26
36
53
68
73
63
43
18
-10
-32
-37
-39
-38
-45
-53
-30
0
3
3
2
5
8
11
12
19
42
69
78
68
51
40
33
11
-6
-19
-27
-35
-46
-32
-13
-6
-5
0
3
6
7
6
4
13
8
6
16
11
0
56
45
7
-1
-2
-6
-4
2
7
-11
-13
-4
3
4
3
3
4
1
-27
-52
-49
-30
2
38
22
0
0
2
41
41
34
36
90
83
103
72
83
126
108
138
113
127
136
138
98
137
146
140
146
158
165
185
174
182
174
158
159
162
159
164
181
177
187
189
192
195
193
197
213
198
198
204
199
211
227
242
253
247
148
160
133
118
114
115
113
115
118
113
122
114
122
118
121
116
127
131
137
158
181
213
221
150
152
114
83
66
62
58
54
56
57
54
54
58
54
57
53
65
68
84
96
111
139
165
141
143
102
68
50
40
35
35
32
34
35
34
31
33
30
29
26
31
34
20
1
15
49
108
120
89
59
43
34
27
22
20
20
20
21
19
21
17
16
6
1
-6
-35
-75
-88
-61
96
98
69
46
34
27
20
15
13
12
14
15
14
14
13
10
1
-8
-17
-36
-60
-72
-48
76
78
53
33
24
20
14
12
10
9
11
13
13
14
14
12
7
-1
-10
-20
-35
-38
-28
55
57
41
26
19
16
14
12
11
10
12
15
18
19
20
22
19
16
7
-3
-7
-10
-6
43
42
31
22
17
14
13
13
12
12
15
18
20
26
26
28
27
27
22
18
14
9
9
33
32
21
15
14
13
14
14
16
17
18
22
28
34
33
31
32
35
35
35
33
28
15
25
26
17
12
11
12
14
16
18
20
24
32
39
46
46
43
39
40
43
45
52
50
28
17
18
12
9
11
13
17
21
23
25
35
42
52
61
71
65
48
40
43
54
67
67
46
6
5
4
4
9
15
21
26
29
32
37
44
57
68
84
81
47
16
25
40
70
78
76
-1
-5
-4
1
7
16
28
39
45
46
42
39
45
53
74
88
58
0
0
29
35
72
76
3
2
0
3
11
19
31
44
53
56
52
45
30
23
27
37
35
0
7
3
25
68
38
5
6
7
9
14
22
35
51
64
74
72
61
38
11
-13
-22
-18
-15
-12
-17
11
25
4
3
3
6
10
14
22
32
48
68
88
92
85
65
37
2
-26
-35
-37
-42
-64
-65
-30
0
0
0
2
5
10
15
19
30
53
79
90
82
81
63
44
18
-6
-20
-31
-49
-58
-45
-24
-5
-5
-1
4
7
9
10
12
22
19
23
24
29
0
57
42
8
0
-3
-9
-12
-8
-1
-10
-9
-3
4
6
6
6
5
0
-20
-30
-31
-29
-4
31
26
0
0
3
41
43
40
36
77
80
57
59
78
93
97
117
107
107
115
118
112
115
96
101
111
126
145
157
141
147
137
140
145
130
125
155
161
153
168
158
159
171
154
173
167
180
168
178
177
192
203
214
232
223
132
147
129
123
119
118
115
115
117
114
122
111
123
110
125
118
128
128
141
157
188
206
215
121
134
109
84
70
69
67
62
61
64
59
61
61
60
59
64
72
81
91
102
109
140
166
116
126
99
69
51
43
37
35
33
33
35
32
32
32
32
31
33
35
40
31
10
26
68
96
108
86
59
43
34
27
21
21
19
21
20
21
19
20
16
11
3
-5
-29
-58
-76
-50
81
91
71
48
35
27
21
16
13
13
15
15
16
16
15
12
5
-5
-16
-38
-63
-72
-46
64
72
55
36
25
21
16
13
11
11
13
15
16
17
17
14
11
2
-8
-21
-35
-38
-26
47
54
43
28
22
19
16
14
14
13
14
18
21
22
24
25
23
18
9
4
-5
-6
-2
37
39
34
25
20
17
16
16
16
16
18
20
26
29
32
33
34
32
29
24
19
17
21
28
31
26
20
18
17
18
18
19
20
23
28
33
39
40
39
41
44
44
45
41
38
25
23
24
20
16
16
16
19
21
23
25
30
36
45
52
54
50
50
54
57
60
69
61
28
14
17
13
13
16
18
23
26
29
34
40
47
57
67
76
74
62
56
61
75
89
86
39
5
6
7
8
15
21
28
33
37
39
46
51
63
78
91
88
54
25
30
65
106
100
77
0
-3
-1
6
14
24
36
45
50
52
50
48
52
59
72
80
47
0
0
32
43
78
72
2
1
2
6
15
24
39
51
60
62
58
53
39
30
29
34
21
-2
1
-3
6
61
46
3
6
7
9
16
26
40
58
72
82
79
69
50
26
1
-13
-13
-18
-23
-29
-7
29
14
2
2
6
10
16
25
37
57
75
94
104
96
82
59
21
-10
-23
-33
-46
-66
-64
-33
0
-2
-2
1
6
12
17
26
40
61
81
95
99
104
87
57
32
13
-8
-29
-58
-66
-58
-39
-6
-6
0
4
9
13
14
20
29
32
45
39
54
42
53
43
14
12
-2
-12
-27
-19
-10
-9
-7
-2
5
8
9
9
7
3
-2
1
-4
-24
-21
23
26
0
0
2
34
38
36
34