-75
-87
-46
-4
-30
-90
-116
0
43
41
-23
-40
-61
-109
-147
-162
-107
24
116
138
85
38
-120
-99
-8
33
16
-15
-20
0
0
-30
-6
-51
-101
-137
-161
-157
-112
49
179
178
108
45
-72
0
0
25
8
49
90
42
-58
-36
-52
-111
-141
-137
-120
-99
-74
0
120
133
79
33
27
0
0
-50
-60
-2
70
75
7
-58
-155
-141
-95
-61
-60
-23
0
0
-34
-15
-4
-3
51
1
-88
-124
-106
-31
12
49
19
-77
-118
-72
1
-6
-51
2
35
60
-65
-90
-68
-32
47
-29
-43
-71
-63
0
0
11
-19
-70
-75
-9
31
33
-7
0
0
-1
-64
-98
-79
-39
86
26
-26
-51
-31
0
0
-13
-32
-52
-37
0
36
72
139
89
0
-70
-119
-112
-79
-34
132
75
-2
-39
-46
0
0
9
-14
-14
4
0
0
51
99
99
2
-95
-122
-110
-72
-34
160
108
39
-2
-7
0
0
-24
-17
15
53
28
-34
14
60
68
17
-41
-78
-76
-53
-23
142
98
53
45
60
0
0
-99
-43
44
30
-5
-32
-16
26
48
33
2
-26
-36
-29
-14
100
80
53
57
63
22
-75
-121
-4
58
-2
-29
-52
-28
19
51
56
39
13
-4
-8
-3
59
68
58
50
51
17
-6
0
0
11
-16
-98
-86
-20
31
49
65
63
41
20
10
5
48
77
74
52
44
64
35
0
0
-44
-52
-88
0
0
17
16
50
60
48
29
17
10
63
103
101
68
27
28
28
-25
-91
-80
-51
-23
0
0
-10
-7
5
29
40
31
17
8
89
127
126
97
52
13
-22
-56
-65
-28
-6
13
0
0
-30
-41
-38
9
30
29
17
6
111
130
128
104
62
7
-27
-32
-20
-16
-18
40
6
-82
-136
-87
-25
9
30
29
18
6
90
105
90
64
30
-3
-24
-22
-21
-59
-47
20
-2
-77
-72
-9
19
30
40
36
24
10
33
35
31
21
-1
-20
-38
-40
-33
-21
-9
-5
-26
-31
0
0
6
38
48
41
29
14
-13
-31
-17
-16
-26
-39
-61
-62
-33
14
27
-24
-49
-36
-24
-37
-18
39
49
43
29
14
-55
-55
-39
-30
-29
-37
-78
-92
-46
26
32
-20
-33
-12
-6
0
0
17
37
35
22
10
-76
-60
-45
-39
-24
-22
-68
-117
-59
45
30
-17
-10
42
23
0
0
-3
-4
4
7
2
-51
-42
-31
-87
-133
-73
40
-6
-37
-77
-122
-148
-106
8
77
84
38
-94
-31
10
-34
-66
0
10
-9
-63
-110
-151
-171
-119
57
170
138
54
-54
7
23
36
80
4
-81
-59
-108
-140
-144
-131
-102
16
180
119
45
0
0
-56
-22
70
54
-50
-126
-145
-89
-58
-23
17
0
-37
-11
-5
7
-86
-126
-68
0
51
-21
-98
-68
2
-12
-14
95
45
-86
-83
-41
2
-61
-79
-18
0
2
-28
-64
-9
51
80
0
0
-22
-91
-92
-42
74
-12
-48
-68
-15
21
-8
-3
0
19
79
113
18
-86
-120
-87
-37
121
44
2
1
0
-21
-4
57
30
-22
38
85
32
-47
-81
-62
-26
111
70
82
82
-50
-146
-18
44
-2
-38
-9
42
49
12
-15
-25
-15
76
70
81
62
-18
0
0
-8
-78
-80
-15
44
56
48
22
11
3
78
79
65
59
26
0
0
-41
-113
-52
-5
14
42
59
38
19
11
98
110
67
49
35
-30
-88
-75
-47
-18
-14
-28
-3
26
34
23
10
129
135
84
36
-13
-58
-69
-29
2
-8
-35
-73
-38
9
29
22
8
125
120
75
24
-20
-33
-33
-47
16
-17
-117
-75
-2
25
37
27
11
56
45
18
-9
-42
-44
-38
-36
-9
-36
-45
0
-2
37
46
35
17
-22
-17
-20
-44
-76
-80
-34
21
-9
-49
-55
-44
-9
47
49
34
17
-57
-47
-41
-43
-91
-129
-25
59
2
-20
-2
0
0
13
33
19
9
-63
-40
-34
-87
-128
-58
46
-12
-63
-103
-139
-158
-107
13
72
89
42
-94
-35
3
-32
-62
0
10
-31
-88
-125
-156
-174
-119
54
174
142
62
-47
-22
10
39
86
2
-103
-120
-126
-123
-138
-129
-105
15
187
121
46
-27
-28
-65
-26
76
39
-90
-150
-142
-89
-57
-3
5
0
-46
-11
-2
-8
-79
-131
-86
-6
48
-22
-91
-64
-2
5
20
139
51
-92
-82
-35
0
-81
-108
-51
-4
18
-4
-36
-11
37
83
36
6
-4
-86
-87
-40
64
-17
-64
-89
-8
45
14
9
10
43
89
105
25
-67
-105
-83
-36
119
55
13
-1
0
-19
2
55
25
7
48
91
34
-32
-78
-61
-25
117
89
101
90
-52
-168
-41
29
-5
-39
-5
38
49
11
-11
-25
-13
85
91
108
90
-25
-69
-43
-32
-87
-73
-21
33
52
45
21
12
1
86
94
88
67
15
-41
-40
-58
-106
-78
-24
2
32
49
34
19
11
96
116
85
61
25
-38
-80
-88
-74
-51
-48
-40
-9
20
28
23
10
127
133
90
40
-8
-60
-84
-60
-29
-34
-56
-79
-33
11
27
23
9
117
125
70
22
-26
-47
-52
-54
-13
-38
-109
-85
-20
21
37
28
13
60
50
18
-20
-50
-56
-48
-40
-16
-47
-79
-54
-17
31
47
35
17
-6
-13
-28
-55
-90
-96
-42
15
-3
-46
-89
-91
-4
53
50
33
15
-56
-51
-46
-61
-113
-140
-23
59
13
-18
-15
0
0
28
27
16
7
-75
-46
-41
-88
-114
-46
41
-16
-75
-119
-151
-163
-109
15
77
90
44
-90
-39
-12
-33
-53
0
6
-47
-101
-138
-163
-177
-117
48
162
131
63
-65
-46
-7
36
82
3
-112
-153
-136
-118
-128
-127
-103
16
165
118
43
-42
-57
-68
-15
73
22
-115
-169
-152
-85
-44
3
24
0
-47
-12
-5
-22
-82
-141
-93
-14
38
-31
-81
-58
-8
29
58
156
40
-97
-90
-33
2
-92
-143
-104
-17
43
16
-19
-11
37
87
78
40
3
-81
-93
-39
56
-23
-80
-115
-9
65
31
14
17
60
97
106
35
-41
-91
-81
-36
110
53
19
0
0
-17
-1
41
21
25
56
92
44
-13
-67
-54
-25
116
95
114
105
-38
-164
-59
6
-13
-35
-1
39
49
14
-8
-20
-11
94
102
127
109
-34
-130
-96
-58
-90
-79
-32
23
41
40
21
11
4
90
102
101
74
-2
-64
-69
-76
-109
-85
-42
-11
17
37
31
20
10
97
113
95
62
14
-53
-86
-99
-92
-84
-69
-50
-21
13
26
21
10
121
125
92
39
-11
-64
-91
-85
-53
-64
-85
-85
-39
8
25
22
10
111
112
66
17
-30
-56
-63
-63
-38
-58
-110
-96
-34
16
35
28
12
66
50
16
-26
-55
-62
-57
-43
-28
-66
-107
-100
-32
35
51
37
16
1
-12
-31
-65
-100
-100
-48
12
-2
-62
-115
-133
-5
66
56
33
14
-46
-48
-51
-73
-122
-149
-33
65
17
-14
-27
0
0
34
24
13
5
-88
-50
-47
-81
-104
-33
42
-24
-90
-128
-159
-169
-107
12
80
91
42
-95
-50
-25
-37
-45
0
-3
-61
-112
-147
-169
-177
-114
41
149
142
55
-77
-60
-20
29
76
1
-119
-173
-150
-121
-122
-125
-100
16
145
114
38
-57
-75
-77
-13
60
6
-126
-179
-138
-78
-25
12
11
0
-46
-13
-7
-42
-100
-152
-105
-16
19
-24
-83
-68
-9
59
97
153
21
-93
-88
-34
-7
-102
-176
-153
-30
64
37
-5
-8
42
99
120
81
16
-82
-92
-40
43
-32
-93
-102
-11
78
46
20
22
66
103
117
59
-13
-76
-73
-37
104
52
22
0
0
-8
-3
18
16
35
69
93
57
-1
-55
-42
-24
117
105
121
95
-31
-150
-91
-31
-25
-34
0
42
50
18
-2
-14
-8
100
118
142
109
-40
-174
-139
-86
-90
-79
-40
4
28
35
21
11
6
92
112
112
76
-13
-95
-111
-104
-116
-97
-58
-29
1
25
30
20
8
99
114
97
57
1
-68
-100
-111
-112
-103
-87
-67
-32
9
25
19
8
114
116
88
37
-13
-68
-97
-99
-85
-92
-104
-97
-52
0
22
21
10
104
93
60
11
-34
-64
-73
-71
-62
-92
-126
-113
-46
9
32
25
12
60
43
10
-30
-60
-70
-60
-47
-38
-86
-134
-137
-42
41
56
39
16
8
-15
-29
-73
-109
-103
-44
6
-4
-63
-139
-160
0
74
59
33
12
-37
-47
-55
-85
-128
-141
-37
64
23
-17
-34
0
0
35
21
11
4