224
205
299
379
460
454
335
0
93
167
182
273
370
505
534
490
389
385
577
705
742
496
274
154
169
302
458
448
255
0
0
179
192
275
411
522
532
429
266
211
474
752
824
587
236
0
0
259
419
421
242
67
122
116
178
333
448
522
453
372
199
0
348
782
905
718
252
0
0
255
374
287
175
134
167
178
261
314
374
452
376
244
0
0
382
797
925
727
297
59
119
286
327
57
43
90
260
320
288
198
182
410
363
54
38
63
406
761
871
734
376
171
160
316
290
0
0
72
334
404
257
128
171
443
357
0
0
102
422
722
807
658
501
246
163
340
281
0
0
111
410
441
139
0
84
424
367
106
0
196
488
702
745
555
567
356
318
401
341
0
0
140
452
426
118
0
107
369
367
251
168
303
520
677
696
553
649
534
487
477
378
0
0
229
442
355
101
63
143
316
366
337
335
423
551
648
643
458
691
633
564
516
354
0
0
178
312
289
131
140
211
301
352
361
391
479
569
617
620
431
704
678
576
489
345
126
125
85
99
267
202
140
215
255
308
359
431
518
582
632
596
444
652
659
561
431
316
92
152
0
0
263
241
200
167
166
228
307
389
506
588
628
610
459
651
635
552
409
251
129
190
0
0
227
326
247
0
0
110
242
247
466
601
643
614
512
608
641
586
421
172
115
213
177
112
221
338
208
0
0
119
133
209
439
605
664
635
463
550
636
609
452
195
167
283
249
116
140
281
185
0
0
110
145
200
418
588
689
652
442
432
590
609
525
344
317
352
268
94
75
241
216
129
120
140
126
186
355
578
681
650
500
287
539
616
540
423
401
410
312
160
168
177
154
234
227
82
5
108
322
565
706
661
470
259
513
626
553
471
453
452
319
209
200
131
128
293
253
54
0
65
303
552
706
675
453
347
541
628
550
472
481
482
367
211
185
195
192
346
267
79
10
35
221
531
717
690
462
404
591
655
570
508
514
527
350
191
195
278
364
377
281
84
0
0
173
509
711
705
515
432
563
621
601
548
548
571
376
106
150
351
433
355
279
124
0
0
143
467
715
716
507
243
385
507
534
383
172
192
257
349
505
575
563
517
550
677
729
554
239
287
475
540
368
0
154
292
416
544
609
542
372
357
647
799
583
94
36
342
516
314
8
219
205
443
587
591
465
267
27
595
946
756
0
0
304
393
248
174
251
286
391
489
486
347
56
0
562
986
810
157
203
348
175
80
134
351
362
292
373
453
152
103
104
578
830
769
316
342
386
102
0
97
439
311
87
201
458
0
0
161
567
806
664
440
420
472
155
8
160
502
287
0
119
409
282
134
302
611
744
595
627
582
545
39
0
242
479
279
108
159
376
421
382
464
625
685
497
727
636
552
208
63
205
311
308
226
283
363
418
474
555
632
658
510
712
646
520
277
207
0
0
329
279
259
288
365
465
586
645
631
519
705
610
469
238
243
0
0
330
330
111
132
270
351
527
661
671
564
689
667
427
274
266
199
179
338
264
51
56
252
291
516
671
691
495
657
668
427
304
347
286
194
275
243
79
81
216
261
486
664
704
534
559
645
584
460
461
329
176
222
256
226
196
94
128
398
662
707
540
540
656
599
535
528
384
264
247
238
335
203
0
48
333
615
701
514
554
673
610
572
560
426
290
282
313
391
249
31
32
281
641
755
571
615
701
661
642
604
391
202
319
459
441
269
0
0
224
654
751
569
359
470
586
582
360
150
237
378
515
606
632
618
555
598
716
739
604
333
383
547
594
363
0
153
422
571
644
644
568
382
355
649
815
654
209
192
416
564
321
5
266
411
543
669
649
509
273
27
570
920
727
199
157
363
403
299
217
341
422
507
623
595
459
19
0
547
948
751
251
287
387
234
162
200
409
438
375
511
508
232
192
184
530
823
693
400
452
427
138
38
105
451
345
222
337
461
109
54
162
575
778
611
561
554
546
172
12
186
528
354
187
221
438
341
197
326
632
746
564
702
682
618
40
0
248
507
376
226
248
424
488
430
502
653
701
490
764
716
621
195
64
265
364
397
331
364
429
483
529
607
667
681
515
753
710
603
342
251
155
206
364
400
336
350
415
534
623
687
669
547
735
685
554
367
314
198
175
378
380
243
221
312
455
572
695
686
575
732
724
543
407
371
270
229
397
350
170
208
298
406
578
692
702
533
707
723
549
446
424
359
297
380
331
189
182
270
335
551
698
721
556
615
702
649
554
528
395
288
346
361
275
229
179
183
449
691
719
556
588
696
661
618
590
439
358
346
379
392
249
116
119
341
636
717
535
621
718
684
668
626
471
362
356
425
469
327
103
76
324
660
770
560
662
755
730
733
642
401
246
353
519
528
355
0
0
331
670
767
559
474
573
649
614
325
117
246
469
605
666
684
660
577
614
725
744
624
437
467
620
612
335
0
157
516
664
716
698
608
383
344
618
824
658
372
351
485
593
310
11
279
532
661
742
712
552
259
28
495
908
723
367
341
427
492
343
250
421
550
629
716
698
538
97
0
473
894
731
370
393
465
294
240
268
473
520
486
609
607
369
283
172
522
888
655
501
537
495
225
137
182
460
443
389
478
520
296
216
229
568
818
600
656
644
578
206
19
204
558
457
368
404
514
427
304
378
656
761
569
755
741
626
35
0
238
555
482
376
373
503
549
494
541
669
715
509
809
766
617
258
47
287
442
479
441
411
502
534
569
631
678
688
492
784
739
632
404
294
286
368
437
491
417
398
457
566
663
718
687
551
758
714
605
459
395
296
298
433
437
340
321
364
529
627
727
691
554
755
739
620
514
447
353
331
458
421
343
320
366
504
632
721
699
514
745
747
644
559
526
435
394
476
398
317
307
337
416
581
734
722
546
669
740
708
627
588
471
386
455
442
325
287
275
265
495
722
724
517
662
738
721
680
613
471
440
453
467
480
306
231
219
420
680
742
509
685
758
750
698
632
472
405
425
489
545
391
176
114
384
692
806
556
706
796
792
752
639
405
237
341
554
579
417
0
0
377
695
793
592
640
671
702
615
294
109
249
533
688
710
733
703
604
608
728
765
575
565
593
681
601
289
0
157
565
749
777
755
650
394
349
586
803
608
488
493
594
598
254
5
289
618
764
798
782
595
256
20
405
860
641
511
484
554
539
381
270
465
632
725
791
819
614
57
0
381
849
756
528
538
548
443
346
379
525
608
622
751
773
523
328
146
475
804
648
631
653
589
331
204
299
557
582
571
614
625
491
370
363
606
804
613
698
724
583
164
27
231
602
587
586
597
609
548
471
502
677
761
589
812
792
628
48
0
206
617
627
558
535
594
611
579
600
687
704
510
830
793
599
194
54
278
528
619
555
537
552
577
609
642
673
684
505
802
760
639
433
321
392
493
556
578
521
497
522
609
699
748
703
546
774
742
653
560
483
421
464
543
535
477
440
488
598
670
726
691
494
777
743
683
556
557
455
435
547
545
466
428
499
583
668
760
695
501
769
746
710
614
564
504
487
552
515
436
414
460
498
623
760
722
516
713
755
718
701
629
546
483
533
525
465
405
395
406
564
750
720
516
717
762
768
739
634
518
482
484
552
539
402
347
306
487
721
756
540
729
782
802
743
637
485
412
482
557
576
454
252
129
387
706
789
555
751
822
848
773
615
381
228
320
581
640
477
0
0
381
718
807
618