-74
-59
-52
-59
-66
-55
-22
0
1
-20
-8
22
17
-4
-16
-24
-21
-9
-13
-11
-18
-12
-47
-27
-21
-42
-53
-42
-14
0
0
41
2
-10
20
34
26
19
10
7
4
-5
-12
-9
-16
0
0
-7
-12
5
15
9
-7
-2
-4
-4
45
78
73
60
25
0
0
-8
-11
-11
-9
0
0
2
12
31
41
22
-19
-36
-11
33
83
99
91
77
0
0
-15
-22
-15
-10
-13
-1
13
15
8
11
29
9
-19
-24
-8
30
59
60
68
25
24
23
-5
-11
-9
-4
-14
6
34
29
5
0
0
-17
-21
-10
-2
-12
-31
-15
6
0
0
-22
-7
2
6
8
-22
-27
-28
2
-7
0
0
-8
-3
13
12
0
-16
-28
-22
-19
0
-11
-2
12
20
18
-32
-39
-44
-13
-5
0
0
-5
12
29
16
0
-5
-9
-7
-16
-16
-10
1
15
23
22
-32
-38
-36
-10
7
0
0
8
19
27
24
-8
-10
-3
-4
-11
-16
-12
0
13
21
17
-17
-14
-5
18
40
0
0
31
29
17
-12
-6
6
10
8
-10
-20
-16
-4
5
15
13
1
5
19
45
63
75
93
58
41
20
12
24
29
35
28
13
-2
-9
-5
4
11
9
10
11
15
21
26
9
2
0
0
-6
-31
1
47
52
44
30
18
6
1
2
6
6
18
10
5
7
11
-6
-56
0
0
-17
-43
-30
0
0
30
58
31
18
8
3
2
2
21
8
-2
-6
2
-12
-55
-51
-26
-24
-50
-44
0
0
16
30
20
15
7
0
-2
-3
25
13
0
-14
-29
-51
-52
-38
5
4
-32
-36
0
0
-33
-50
-19
1
-3
-8
-9
-8
24
12
3
-10
-22
-37
-42
-35
-17
-4
-13
-19
-39
-57
-52
-41
-27
-19
-14
-14
-15
-14
22
5
-1
-4
-10
-21
-33
-31
-27
-17
10
15
-15
-32
-14
0
-6
-15
-18
-17
-17
-14
-21
-9
-4
1
-5
-16
-27
-24
-8
-5
-10
-4
-11
-19
-10
0
0
-7
-13
-14
-14
-12
-32
-11
-1
1
-2
-13
-28
-36
-31
-27
-46
-41
-16
-9
-13
-18
-7
-2
-2
-3
-6
-7
6
19
16
6
0
-8
-24
-42
-59
-58
-48
-32
-12
-11
-8
0
0
5
16
14
7
3
43
44
32
23
19
8
-7
-22
-32
-31
-29
-15
-3
1
-6
0
0
14
29
30
20
12
-59
-46
-41
-33
-12
-3
5
9
25
10
-19
-30
-30
-27
-24
-17
-14
-41
-24
-43
-43
-10
0
12
14
15
27
22
6
0
-3
-9
-8
-7
23
9
-4
0
16
2
4
12
12
61
84
68
32
1
-10
-10
-9
0
0
23
46
64
29
-30
-30
40
103
115
110
17
0
-7
-12
-7
-22
-5
10
12
36
0
-18
-7
25
54
64
52
45
25
12
5
2
-26
-11
-9
-22
0
-16
-13
17
40
-4
-24
0
0
-19
4
17
15
-46
-62
-41
-36
-30
-19
8
24
0
-25
-34
-49
-44
-24
-3
15
21
-43
-50
-23
0
0
17
35
24
-41
-32
-29
-38
-38
-22
-2
12
13
-11
-1
31
48
64
67
60
14
-1
6
15
6
-20
-16
-6
7
10
5
22
49
64
62
0
0
7
14
51
61
38
21
1
0
5
7
12
11
24
11
-48
0
0
-34
-34
53
65
70
55
21
7
4
3
11
2
2
-11
-59
-64
-36
-41
-46
-2
3
27
27
16
6
0
-1
22
1
-25
-56
-64
-44
5
-9
-38
-48
-46
-51
-26
-1
-3
-7
-8
16
2
-17
-38
-52
-46
-37
-9
-4
-47
-56
2
6
-10
-11
-12
-11
-5
-5
-4
-21
-37
-39
-26
-24
-10
-28
-33
0
5
-6
-9
-8
-7
-17
0
-4
-9
-29
-47
-45
-55
-57
-31
-31
-26
-13
-1
4
2
-1
18
18
13
4
-19
-45
-56
-55
-37
-16
-19
0
0
16
26
17
8
-55
-36
-34
-27
-7
-3
9
22
27
15
-5
-16
-19
-16
-15
-12
-10
-22
-6
-20
-23
1
0
12
23
24
33
28
16
8
0
-8
-7
-4
38
41
19
18
24
2
6
13
25
67
92
83
34
-1
-16
-5
-3
-20
-4
32
58
72
39
-21
-20
50
105
131
129
4
0
8
-2
-2
-49
-37
1
29
60
21
-4
10
49
76
82
93
89
48
29
13
4
-38
-33
-43
-35
0
-25
-17
25
62
47
-10
-20
-2
-16
11
18
12
-56
-79
-79
-60
-37
-31
-3
17
-2
-37
-62
-87
-79
-47
-12
10
15
-47
-59
-45
-2
0
20
40
14
-58
-56
-55
-68
-58
-38
-10
5
7
-13
-8
22
41
54
82
77
24
-8
-2
6
-2
-18
-15
-8
2
6
2
17
47
70
59
34
48
15
17
60
69
48
27
5
3
3
5
9
16
38
18
-34
-36
-15
-30
-20
65
81
74
61
28
9
3
3
12
9
3
-15
-60
-73
-46
-46
-49
-5
14
30
32
18
9
3
0
23
-1
-25
-58
-71
-54
-11
-15
-44
-58
-48
-28
-6
7
2
-3
-4
22
-1
-23
-54
-67
-57
-40
-14
-22
-61
-56
8
21
4
-3
-5
-6
2
-6
-11
-26
-48
-56
-45
-35
-29
-43
-46
-11
3
-4
-4
-1
0
-13
0
-4
-14
-36
-54
-55
-64
-62
-44
-45
-37
-19
0
9
11
6
10
18
15
6
-22
-41
-53
-53
-42
-25
-22
0
0
16
27
18
9
-40
-21
-19
-19
-2
0
18
30
29
17
1
-1
-4
-2
-2
-6
-5
3
21
0
-9
3
0
11
24
27
36
32
30
16
10
6
1
2
29
46
38
29
26
2
2
10
33
63
90
81
32
1
-8
2
4
-22
-3
33
71
73
36
-10
-2
57
110
137
128
17
0
14
5
1
-57
-50
-6
39
76
42
-1
26
70
93
97
117
108
54
31
14
4
-51
-55
-61
-46
-6
-33
-20
28
59
48
6
-20
-2
-6
12
17
9
-61
-86
-94
-70
-29
-38
-11
4
-2
-38
-71
-110
-100
-64
-21
3
8
-46
-60
-53
-3
0
17
40
9
-53
-61
-64
-80
-75
-55
-17
-5
1
-21
-15
16
36
33
70
79
30
-10
-13
3
-8
-21
-16
-10
-2
1
-1
15
43
67
51
47
53
23
20
69
80
53
29
5
2
1
2
5
15
35
16
-21
-36
-20
-22
-18
60
74
72
56
27
10
4
3
11
5
-1
-20
-60
-73
-50
-50
-45
-9
18
36
33
18
11
4
1
22
-2
-28
-56
-70
-60
-25
-26
-48
-53
-34
-5
14
16
7
0
-1
22
-3
-29
-54
-66
-59
-42
-23
-33
-69
-53
3
23
13
5
1
-1
4
-2
-15
-31
-51
-56
-57
-44
-40
-58
-53
-18
-2
0
4
6
5
-9
1
-3
-14
-34
-51
-56
-61
-57
-54
-52
-34
-18
-3
11
17
11
4
16
17
6
-19
-37
-39
-44
-37
-25
-25
0
0
14
23
17
10
-12
-1
-11
-9
5
12
29
33
30
19
12
13
13
14
9
2
1
6
31
18
3
1
0
8
25
31
37
38
42
32
27
22
12
7
23
47
47
31
16
0
-3
11
39
64
84
83
43
3
12
14
8
-19
2
34
65
64
24
-7
7
61
99
123
122
7
0
6
6
3
-56
-52
-13
42
76
47
19
35
77
100
112
110
82
32
19
10
3
-62
-73
-67
-43
0
-23
-11
29
54
44
20
-12
-9
-1
1
9
6
-57
-84
-94
-44
-21
-28
-10
1
0
-32
-75
-110
-111
-72
-29
-5
2
-44
-63
-58
-4
0
11
38
7
-39
-57
-71
-91
-87
-68
-25
-13
-3
-16
-17
6
21
20
44
73
30
-13
-11
-2
-14
-26
-18
-13
-5
-2
-4
13
36
43
29
41
46
28
21
57
68
54
30
4
1
0
1
-1
12
26
12
-22
-29
-17
-19
-7
47
64
62
49
27
11
6
2
6
1
-6
-25
-55
-66
-53
-49
-41
-6
19
38
36
23
12
5
2
19
-2
-29
-50
-63
-62
-42
-37
-48
-49
-23
16
28
21
11
4
3
21
-6
-29
-50
-62
-60
-41
-29
-44
-67
-49
0
24
22
13
8
4
14
-1
-16
-34
-46
-55
-50
-43
-48
-62
-54
-20
0
9
14
13
11
1
-3
0
-13
-31
-44
-42
-48
-52
-49
-48
-24
-12
-3
15
18
15
1
13
18
5
-14
-24
-20
-21
-31
-26
-26
0
0
11
20
18
12