-29
-41
0
-14
-10
-6
0
0
0
0
-14
-27
7
15
0
0
-8
-11
0
6
-10
-22
-15
-45
-29
-51
-8
-7
29
49
40
52
16
22
-37
-53
-64
-79
-97
-96
-19
-33
-44
35
20
4
-4
-16
-22
-53
-71
-81
-63
-89
-108
0
0
0
37
45
48
40
42
38
-44
-39
-31
-5
-3
-18
5
-3
-31
-50
-68
-93
-90
-114
-137
-108
-129
-153
-90
-99
-107
1
6
19
90
101
110
110
116
134
77
81
81
34
36
42
-18
-58
-1
1
27
43
2
-10
-32
-38
0
0
0
3
-4
0
0
0
-2
-9
-32
-54
-51
-86
-52
-85
14
21
66
106
56
89
31
40
-114
-125
-127
-95
-112
-119
-2
-4
-6
46
46
41
18
20
18
-15
-18
-19
-10
-13
-29
0
0
0
0
0
0
-11
-7
-10
25
29
17
0
0
-24
-45
-57
-78
-85
-103
-126
-113
-136
-156
-117
-133
-148
-81
-89
-103
20
29
31
128
148
159
141
157
170
90
97
111
35
44
46
-31
-52
0
13
14
24
11
17
25
41
0
7
-18
-34
4
12
0
-2
-27
-56
-46
-76
-47
-76
-22
-38
0
12
71
103
46
79
16
23
-67
-85
-84
0
0
0
0
0
0
22
26
28
10
7
22
31
35
43
70
76
82
26
31
43
-41
-39
-43
0
0
0
-11
-26
-35
-61
-81
-100
-95
-116
-137
-97
-116
-133
-99
-109
-118
-71
-76
-91
-31
-43
-59
0
0
0
87
104
113
90
103
118
57
63
69
19
27
32
0
0
0
0
-18
-40
-29
-43
24
30
38
55
-2
2
-14
-56
0
-32
-21
-38
-22
-39
-30
-41
0
4
0
0
-38
-47
-18
-26
-6
-7
25
29
28
0
0
0
0
0
0
-50
-61
-61
-62
-68
-63
-26
-19
-17
50
59
58
70
84
78
26
30
28
-47
-53
-48
-116
-157
-162
-104
-143
-154
-63
-84
-88
-47
-61
-59
-59
-67
-64
-16
-29
-30
0
0
0
0
0
0
-39
-48
-39
-41
-38
-33
-21
-15
-10
-4
0
-3
54
55
54
-15
-21
-6
-100
-95
-105
-106
-118
-125
-93
-102
-105
-54
-50
-44
9
14
13
55
64
59
9
16
17
-37
-65
-73
-59
-109
-120
-49
-75
-77
15
12
12
3
4
4
-47
-62
-60
-10
-9
-9
5
4
1
94
92
78
-38
-44
-56
-80
-86
-89
-58
-62
-66
-23
-26
-29
-9
-15
-46
-72
-39
-64
-1
-36
0
0
0
17
0
-1
-4
-15
0
-1
0
6
6
-7
-3
-20
0
0
0
42
-36
-52
-41
-64
-21
-27
34
42
54
-48
-43
-40
0
0
0
-10
-23
-41
-38
-49
-54
0
0
0
0
0
0
-5
-4
-1
-10
-22
-26
-29
-53
-68
-25
-58
-78
10
16
10
-1
-1
0
-16
-12
7
-33
-25
-12
0
0
0
0
0
0
-23
-22
-22
-60
-67
-68
-85
-93
-101
-69
-75
-79
-30
-35
-37
6
5
0
0
4
2
0
-2
0
0
0
-6
0
-1
-7
-22
3
18
39
36
-14
-5
0
0
0
0
-23
-30
-47
-75
-49
-70
-24
-31
58
74
84
31
39
35
-21
-21
-13
-8
-36
-47
-1
-10
-18
0
0
0
0
0
0
-18
-18
-19
-23
-33
-36
-27
-42
-55
-31
-42
-45
0
0
0
29
35
34
42
50
62
72
109
134
50
77
85
0
0
0
-53
-64
-72
-100
-111
-117
-96
-107
-115
-70
-76
-80
-35
-38
-38
28
45
0
0
11
5
-6
-13
-6
-9
-7
-5
0
-15
-2
4
0
0
-1
1
23
40
16
42
0
4
-28
-50
-56
-87
-44
-64
-23
-32
86
106
128
56
61
79
0
-11
-10
-32
-47
-47
-20
-29
-40
0
0
0
0
0
0
0
-1
2
-18
-20
-20
-6
-21
-26
4
5
2
0
0
0
-3
-5
-5
31
40
46
66
82
95
56
83
103
3
3
-2
-62
-81
-90
-99
-112
-120
-91
-103
-108
-60
-68
-71
-28
-30
-33
96
128
150
28
51
70
92
102
9
18
26
0
-2
-36
-33
-22
0
-21
-14
-17
-9
2
1
0
0
0
0
0
0
0
0
-8
-12
-19
-4
-6
-4
-15
-22
0
0
-14
-15
-4
-15
-19
0
0
0
6
14
24
32
32
-11
-31
-40
2
-1
4
6
8
2
7
24
46
54
-3
0
20
45
57
-7
2
6
13
16
-29
-39
-39
-43
-41
-67
-75
-78
-40
-58
-62
-70
-73
-30
-42
-44
-49
-51
-19
-24
-23
-25
-25
89
106
134
49
67
87
9
23
38
-6
4
25
16
28
45
0
0
0
0
0
0
-68
-98
-103
-13
-28
-36
35
41
43
5
3
2
-5
-15
-14
-19
-24
-29
-8
-10
-17
26
29
27
20
35
43
11
22
28
-12
-7
-2
-28
-27
-28
-33
-36
-37
-28
-29
-30
-15
-15
-15
37
50
-1
-3
-3
-6
12
19
-19
-30
-49
-71
8
9
21
35
-9
-10
-19
-26
6
6
20
27
0
7
-5
-7
-13
-19
-18
-25
-12
-15
64
76
85
33
53
69
-7
7
28
-8
7
30
-3
10
32
-2
-6
2
-19
-37
-57
-84
-115
-131
10
8
-2
46
53
58
-12
-12
-12
-3
-2
-3
-22
-33
-45
-8
-15
-22
20
25
23
32
42
49
34
40
49
21
31
39
6
13
14
-8
-5
-5
-14
-11
-10
-7
-5
-4
16
24
0
-1
0
-1
0
0
0
0
0
0
0
0
-14
-15
0
0
0
0
0
5
0
4
16
23
14
24
5
6
-6
-5
-6
-6
47
47
53
35
51
62
17
30
40
15
23
32
0
21
37
0
0
0
-3
-2
-1
0
0
0
0
0
0
2
13
18
1
5
4
-3
-27
-6
-37
-69
-86
-3
-8
-11
23
37
36
17
36
48
34
50
63
42
56
62
29
37
39
12
17
19
2
4
7
0
3
4
28
43
10
15
0
0
21
32
-4
5
0
0
0
0
2
1
0
0
-42
-40
4
12
0
0
5
13
18
35
14
23
6
10
2
3
46
39
45
55
66
73
32
50
66
20
30
36
29
31
30
64
77
72
25
28
32
0
0
0
0
0
0
-20
-34
-45
0
-13
-25
0
-51
-78
0
0
0
0
0
0
22
25
21
6
14
15
40
58
62
48
58
63
39
46
48
23
27
28
11
14
15
5
6
8
52
57
62
82
89
100
61
76
93
31
44
52
7
9
11
0
0
0
19
17
21
-14
-24
-27
-67
-93
-96
-35
-52
-67
19
0
-24
-8
-8
-12
0
0
0
0
0
0
-8
-11
-9
0
0
0
26
26
20
39
37
34
39
43
43
26
30
31
13
15
16
5
6
7
45
66
24
44
0
8
0
0
12
17
-5
-12
0
-28
17
20
-5
-3
0
0
0
0
4
-17
6
15
22
34
16
27
10
15
4
5
61
75
92
91
109
125
79
98
119
63
84
95
53
64
63
-6
-8
-4
-17
-32
-35
-29
-45
-58
-47
-60
-56
4
5
-5
27
23
13
44
38
28
0
0
0
0
0
0
-38
-30
-26
-21
-17
-20
-15
-42
-47
17
8
9
28
30
32
22
27
29
12
14
16
4
4
5
41
65
26
52
0
25
0
13
4
-2
0
-9
0
0
-2
6
28
44
11
13
-36
-59
-9
-22
0
0
14
15
15
22
9
13
5
5
85
102
117
98
118
138
73
98
126
54
86
99
39
56
63
5
6
4
-8
-15
-21
8
-2
-18
0
0
0
-28
-24
-15
-16
-23
-15
48
54
42
27
24
18
-77
-81
-86
-108
-127
-139
-11
-58
-88
-15
-21
-27
4
3
7
19
23
28
21
25
28
13
14
15
6
5
5
41
71
26
45
0
14
-1
3
2
2
10
12
-13
-19
-21
-36
0
7
2
9
-40
-72
-23
-37
-8
-11
2
6
12
20
11
17
7
8
77
86
89
75
86
106
49
67
83
25
42
59
16
26
31
5
5
2
-4
-10
-17
-5
-4
-11
-14
-15
-17
-58
-66
-66
-51
-61
-54
26
32
31
16
16
9
-39
-53
-63
-59
-87
-92
-15
-14
-13
9
15
19
17
23
29
27
33
38
27
31
34
19
20
22
8
7
9
10
15
5
10
0
0
2
4
0
-2
-18
-28
-11
-16
3
0
0
0
7
7
4
0
0
0
0
1
11
20
20
31
15
22
9
12
-7
-3
8
7
12
19
10
19
26
1
8
16
6
7
4
0
-5
-13
-9
-17
-27
-33
-35
-35
-33
-26
-26
13
5
-7
5
5
1
0
0
0
-4
-13
-20
-4
-13
-25
3
2
1
0
0
0
4
6
8
27
32
38
37
43
47
34
38
42
24
27
28
13
13
14
-45
-45
-36
-38
-39
-39
-11
-17
-20
-8
-10
-14
-2
-8
-16
-5
-14
-27
-14
-26
-43
-21
-26
-39
0
0
-15
11
10
14
34
36
34
-44
-50
-40
-52
-55
-54
-14
-24
-31
-7
-15
-22
-36
-43
-38
-27
-28
-24
31
35
42
40
47
50
36
42
45
26
28
30
15
16
16
-25
-35
-5
-7
0
-2
2
2
0
-2
-11
-18
0
0
15
27
0
-18
-17
-39
8
4
-10
-23
-21
-30
18
30
19
33
15
24
11
15
-51
-27
-7
-8
-3
-5
-28
-27
-1
-7
0
-26
-21
6
-8
0
0
26
35
35
23
10
-56
-41
-21
-16
-10
-14
-42
-42
-11
-1
6
-32
-30
1
-9
0
0
25
37
37
24
11
-58
-53
-32
-24
-19
-25
-57
-67
-29
12
20
-29
-34
-6
-9
0
0
21
39
39
25
11
-4
8
0
2
0
-14
0
3
0
-1
0
0
0
13
23
16
6
-12
5
-4
6
-19
-27
-2
2
-11
-2
10
0
0
21
33
22
9
-42
6
1
-12
-5
0
-29
-63
-29
25
7
-15
-9
22
32
0
0
-3
17
24
9
3
-62
-11
-14
-23
-8
-1
-44
-84
-44
32
10
-20
-10
41
40
0
0
-7
10
20
10
3
-71
-29
-30
-27
-12
-8
-55
-97
-50
39
20
-20
-10
41
31
0
0
-8
2
14
8
2