40
60
0
95
54
76
0
1
0
1
12
35
21
68
0
0
33
59
0
88
71
150
34
112
72
143
133
230
204
343
225
365
254
339
113
172
201
144
173
191
178
230
263
154
212
288
81
214
348
167
272
360
170
227
292
0
0
0
43
70
78
86
93
104
75
78
103
15
23
118
157
168
245
280
359
444
299
395
487
239
321
439
214
286
360
232
299
353
356
438
505
494
592
666
501
617
671
421
463
525
33
85
19
80
69
127
54
107
51
94
0
0
0
40
59
88
0
0
91
151
124
223
111
201
84
150
89
143
169
294
222
393
322
419
195
234
260
112
138
163
117
149
163
197
243
275
223
299
376
227
308
371
152
188
243
0
0
0
0
0
0
78
76
100
89
99
130
0
0
114
172
190
282
313
376
461
334
414
491
271
327
385
147
171
227
105
157
195
280
326
397
472
590
680
560
685
793
478
561
582
16
34
0
31
103
179
118
197
60
110
0
3
72
108
26
57
0
1
103
160
153
254
128
211
50
79
0
9
130
220
263
472
309
417
218
273
280
0
0
0
0
0
0
210
238
263
259
336
364
214
282
342
130
164
195
22
35
52
106
107
105
0
0
0
129
142
152
78
161
244
198
252
346
326
396
465
322
369
414
230
270
324
69
107
161
0
0
0
162
247
307
482
596
683
612
752
851
514
588
666
0
0
0
0
121
227
104
167
47
77
37
61
20
47
42
76
0
26
82
128
138
240
86
140
0
9
0
0
153
210
269
443
313
436
228
279
289
0
0
0
0
0
0
256
285
288
270
315
339
157
192
240
84
112
139
84
112
125
105
123
134
77
98
117
157
210
237
108
196
264
161
215
266
300
365
403
300
333
357
137
190
214
0
0
0
0
0
0
144
229
325
487
605
716
590
749
854
533
626
676
273
306
318
45
69
60
94
106
120
262
294
302
304
330
328
64
66
67
9
14
17
72
98
92
162
208
229
119
240
285
122
238
275
49
98
122
87
80
91
327
384
373
297
356
365
25
23
25
2
2
1
70
76
70
234
282
364
501
564
692
609
733
813
524
612
694
50
85
41
68
141
246
11
103
0
0
0
36
0
6
62
77
0
1
0
23
10
166
8
83
0
0
0
44
192
296
280
467
347
459
322
369
388
105
127
123
0
1
0
246
266
286
271
309
307
0
0
0
0
0
0
77
78
67
214
281
316
153
279
359
107
210
260
15
52
56
3
12
2
379
452
437
274
360
390
0
0
0
0
0
0
86
94
91
312
381
415
529
620
686
585
693
767
509
574
622
100
151
0
0
160
270
0
75
0
0
0
56
0
88
64
93
0
14
28
69
92
222
0
0
0
0
55
73
187
312
293
448
348
443
350
401
453
110
129
159
12
24
27
231
282
297
264
285
282
0
0
0
0
0
0
91
106
116
206
298
364
191
307
384
112
141
152
0
0
0
75
100
76
347
391
412
215
312
370
40
74
90
0
0
0
123
151
174
348
408
457
502
606
675
559
660
716
514
560
574
121
175
0
0
115
195
48
67
0
1
49
71
0
40
72
89
0
0
26
83
129
225
37
76
0
16
85
146
204
319
257
405
298
397
375
436
537
170
196
300
0
127
219
185
275
347
261
306
342
0
0
0
0
0
0
102
136
152
142
297
388
124
268
371
102
117
151
0
0
0
75
91
113
261
319
341
223
275
316
86
164
220
66
112
138
186
231
277
357
416
476
481
570
629
505
593
652
415
457
509
414
503
614
131
210
261
380
458
170
273
357
0
65
212
299
384
0
115
226
292
332
27
29
0
0
0
0
0
0
0
0
136
152
193
90
126
154
296
365
0
0
156
258
310
66
89
0
0
0
1
12
24
45
53
60
98
131
15
38
212
255
285
99
177
164
247
305
13
14
62
168
253
19
25
87
177
257
124
185
211
293
362
369
438
503
203
304
433
518
587
225
354
456
530
590
268
352
388
442
471
456
533
660
295
423
539
209
345
460
206
312
409
171
245
288
0
0
0
0
0
0
135
173
177
163
242
283
189
245
256
8
4
3
22
59
90
58
109
170
165
202
242
152
230
291
75
174
277
134
235
314
271
354
419
378
450
511
417
523
576
435
510
567
368
418
427
180
277
37
106
23
88
22
52
8
16
66
99
11
78
60
95
3
11
17
43
69
118
21
47
43
81
132
223
196
309
202
339
252
316
471
558
626
350
476
601
210
310
435
151
266
381
72
165
259
33
56
75
63
74
83
65
88
98
61
90
104
177
214
245
95
83
82
27
37
61
70
126
172
114
167
209
129
203
254
100
191
278
164
231
330
301
371
455
401
472
531
445
521
584
416
496
552
344
385
424
198
291
58
91
0
10
0
0
0
0
0
0
0
0
116
155
0
0
0
0
0
36
0
23
57
84
146
244
194
335
201
329
244
310
468
546
626
374
510
615
180
320
411
141
238
330
0
135
251
0
0
0
18
13
11
0
0
0
0
0
0
229
254
258
32
59
76
4
37
10
56
111
139
72
108
129
100
153
194
64
156
251
145
217
308
325
402
460
425
497
545
454
537
582
426
496
558
362
408
438
206
338
76
107
0
0
10
22
51
83
0
0
0
0
107
150
0
0
3
12
8
24
0
0
50
79
146
265
221
355
192
333
239
315
414
516
603
402
505
586
193
338
452
132
234
320
88
142
180
45
58
74
138
133
139
0
0
0
0
0
0
195
222
251
0
146
264
0
129
202
0
0
0
0
0
0
111
130
125
68
133
192
146
189
221
306
364
423
440
510
559
461
546
598
422
515
559
359
413
461
353
465
563
427
502
585
265
375
496
161
258
328
101
115
108
0
0
0
149
162
172
99
132
155
55
86
98
146
166
189
153
198
274
106
168
191
0
0
0
0
0
0
161
157
138
0
0
0
118
120
136
290
335
379
439
512
567
474
557
620
439
528
600
354
403
439
208
334
98
169
0
53
0
0
68
104
42
63
0
25
82
140
38
66
0
0
0
0
58
99
40
71
168
252
222
354
217
344
241
305
286
378
475
404
489
577
301
384
518
204
301
388
125
155
173
50
74
96
135
190
236
167
191
223
41
59
64
83
81
83
167
205
227
148
170
169
0
0
0
0
0
0
136
113
102
14
19
35
67
111
145
277
304
359
432
497
542
466
565
636
449
522
593
357
379
400
190
291
112
211
0
72
0
37
46
67
77
136
0
0
70
107
60
115
14
27
30
40
57
74
0
0
158
236
239
380
235
361
240
325
268
317
395
408
478
549
321
405
534
213
354
450
155
228
286
94
168
234
117
199
267
182
189
218
0
0
0
86
81
66
129
199
208
146
176
190
114
113
114
97
102
105
101
111
124
11
57
103
55
105
150
264
290
342
422
497
545
492
576
654
459
529
578
373
391
444
200
317
133
233
0
80
12
48
25
38
97
147
25
46
66
87
0
39
66
129
59
94
13
21
13
28
137
231
235
394
212
383
263
331
218
224
251
392
437
505
345
461
565
225
329
464
158
258
334
91
216
310
113
220
315
167
187
226
95
102
120
131
140
149
84
122
141
94
105
105
177
195
211
180
207
211
66
100
100
5
7
6
62
93
106
271
309
308
447
512
554
503
605
672
474
553
609
355
377
436
208
320
137
257
0
86
21
38
1
50
103
151
40
63
72
106
0
0
89
152
66
111
0
0
0
10
144
235
247
397
230
393
273
355
201
225
219
374
429
444
368
481
583
210
305
465
142
248
367
102
220
338
134
241
348
179
205
262
70
70
115
113
120
141
60
47
55
0
0
0
200
236
260
200
233
263
52
63
59
0
0
0
68
81
81
271
292
309
424
508
539
524
623
696
493
590
639
413
422
439
253
284
320
380
442
496
334
478
590
165
305
439
114
228
380
107
225
360
149
260
376
191
215
271
0
0
97
64
61
110
118
115
147
79
112
126
191
247
295
172
227
267
67
91
87
8
10
8
44
47
40
229
239
253
413
493
486
543
629
702
528
614
681
430
474
477
200
291
187
265
0
29
25
38
0
19
114
166
0
0
79
118
0
35
69
134
54
95
3
10
9
22
125
212
241
409
243
419
290
380
252
358
357
194
115
133
177
200
24
54
154
133
153
136
108
0
0
211
430
558
531
414
310
460
478
316
241
252
293
243
62
86
187
214
234
217
104
0
0
216
490
624
634
457
353
552
602
451
388
385
409
295
126
126
219
292
310
261
93
0
0
201
489
690
695
495
146
170
26
15
0
100
0
66
0
56
0
0
0
109
247
269
290
233
271
49
46
76
164
5
98
58
83
57
0
0
212
418
417
380
191
266
338
172
118
180
256
209
31
77
178
130
114
92
123
0
0
207
437
546
534
401
282
359
456
299
245
302
371
270
65
104
241
244
205
197
149
0
0
210
484
613
636
468
358
460
569
407
392
415
463
318
91
128
286
335
289
248
133
0
0
183
472
660
702
510