-1
0
0
-7
-10
-15
0
0
0
0
-10
-18
-10
-21
0
0
-14
-29
0
-27
-17
-39
-15
-38
-5
-17
-6
-13
-5
-11
-12
-21
-30
-33
-17
-32
-53
-27
-40
-54
-41
-51
-58
-54
-67
-68
-54
-80
-79
-53
-69
-66
-29
-39
-39
0
0
0
-8
-5
-1
-9
-9
-17
-3
-1
-7
-1
11
25
-11
2
10
-27
-23
-16
-38
-39
-38
-35
-40
-29
-24
-26
-27
-11
-12
-10
-7
-8
-10
-11
-14
-14
-22
-22
-20
-25
-20
-18
-12
-28
-9
-28
-15
-41
-21
-51
-13
-33
0
0
0
-3
-1
-3
0
0
-4
-5
-8
-18
-9
-19
-6
-11
-4
-5
0
0
-3
-7
-29
-26
-36
-42
-45
-28
-28
-33
-32
-35
-34
-45
-55
-55
-59
-66
-66
-58
-62
-56
-28
-30
-30
0
0
0
0
0
0
-3
3
24
8
0
-6
0
0
-16
10
10
13
0
7
23
-6
0
9
-7
0
9
-2
2
6
2
7
8
8
13
11
1
2
2
-8
-10
-12
-15
-12
-11
-1
-4
0
-5
-7
-18
-10
-20
-4
-12
0
-1
2
3
0
3
0
-1
8
22
1
7
-1
0
0
-2
0
1
-6
3
-3
-4
-17
-11
-21
-25
-24
0
0
0
0
0
0
-13
-15
-14
-19
-27
-18
-15
-14
-8
-5
0
5
0
3
6
4
7
0
0
0
0
1
-8
-12
3
-4
-14
37
35
35
29
45
61
20
36
54
13
24
41
3
9
17
0
0
0
18
17
8
2
5
1
-6
-9
-10
-8
-9
-10
0
0
0
0
1
4
3
5
2
6
1
4
2
9
6
14
0
4
15
36
16
35
6
17
0
1
0
0
-4
-16
-10
-19
-2
-10
-13
-13
-9
0
0
0
0
0
0
1
-8
-8
-4
-8
1
4
4
14
9
14
22
7
8
11
8
2
-9
15
6
-16
-1
-4
-7
6
9
19
46
54
62
52
64
81
42
53
71
17
27
45
0
0
0
0
0
0
-17
-18
-16
-25
-23
-23
-19
-17
-16
-10
-11
-12
-7
-10
-12
-3
1
3
-4
10
23
-11
-2
9
-17
-12
-4
2
0
2
3
5
12
1
-5
1
0
-6
-15
14
2
-10
10
10
-1
11
12
18
24
20
38
68
57
52
57
62
62
4
5
8
0
1
0
6
4
6
-10
-17
-16
-16
-22
-18
-12
-14
-12
-4
-5
-6
0
-4
-7
-9
-7
-13
-1
-9
0
0
0
-2
0
0
-3
-2
0
1
0
9
6
48
1
14
0
0
0
2
2
-2
1
-6
23
8
4
1
-5
1
6
11
0
0
0
7
17
29
-7
-1
6
0
0
0
0
0
0
-1
-1
-7
-6
-10
-15
-16
-15
-12
-24
-19
-11
-8
-16
-15
0
-3
-1
-17
-11
-15
14
13
12
0
0
0
0
0
0
-3
-2
-4
-8
-9
-10
-1
-5
-4
9
6
5
12
9
7
-2
-1
0
0
8
21
0
2
0
0
0
3
0
0
-2
-10
-3
-20
-17
-34
-22
-55
0
0
0
0
-1
-2
-2
-2
9
11
34
26
2
-2
-10
4
4
-8
12
8
-8
48
48
24
29
23
10
0
0
0
0
0
0
4
5
2
14
16
8
8
11
12
-7
-2
3
0
0
0
-14
-17
-13
-53
-40
-30
-26
-12
-9
0
-1
-5
0
0
0
2
4
0
5
8
3
9
13
12
21
20
20
26
23
20
2
6
0
0
13
38
4
3
-3
-5
-5
-11
0
7
-3
-2
0
0
-1
-7
-3
-7
4
15
0
3
0
6
2
4
8
14
34
33
-3
-11
-20
7
-2
-23
0
-15
-23
39
35
18
52
46
27
0
0
0
0
0
0
-8
-3
-2
9
10
11
16
16
22
4
7
13
0
0
0
1
2
1
5
9
6
25
23
14
28
23
9
9
11
1
9
8
1
7
8
6
14
17
17
25
27
26
29
26
24
-7
-20
-24
1
1
0
-14
-25
-1
-15
-27
0
5
23
16
6
0
25
38
33
22
4
6
0
0
0
0
0
0
0
0
-8
-8
-3
0
-4
-21
-20
-5
0
0
-20
-16
6
1
-4
0
0
0
1
8
22
26
12
20
21
10
2
12
27
27
14
7
21
30
28
14
3
7
9
11
-1
-3
-7
-5
-2
-10
-2
-3
-2
-1
-7
5
6
4
3
5
12
15
15
8
14
22
24
23
30
29
26
25
21
-7
-13
-14
-9
-8
-11
-10
-4
-3
-1
14
19
10
30
40
0
0
0
0
0
0
-3
8
21
-27
-20
0
-30
-22
-1
-1
-1
-1
-6
-10
-7
2
6
8
18
20
19
7
8
8
-14
-10
-8
-18
-21
-19
-10
-13
-14
-2
-3
-2
5
8
8
15
16
16
20
18
16
-4
-6
-9
-16
-9
-9
-1
7
2
11
-1
-3
-11
-22
-6
-14
-1
-4
0
0
5
13
-2
-6
-2
-9
-1
-6
-1
-2
4
7
23
20
2
2
2
3
3
6
13
15
16
31
34
42
36
58
60
28
43
55
22
38
68
10
24
44
-1
10
21
-10
-3
9
-3
1
10
4
4
15
21
19
19
23
24
28
16
16
22
8
6
8
-8
-12
-9
-11
-13
-12
-6
-8
-6
0
1
3
10
10
11
15
13
11
5
6
1
5
0
2
0
0
0
0
0
0
0
0
-3
-5
0
0
0
0
0
6
0
9
-3
-5
-4
-8
-1
-3
3
3
14
14
9
12
13
5
9
12
4
9
12
0
4
7
0
-7
6
0
0
0
0
0
0
0
0
0
0
0
0
-13
-11
-10
2
3
-8
0
5
0
-5
5
23
-3
9
28
-1
7
23
2
6
18
-13
-11
0
-10
-8
0
-4
-4
-1
1
1
1
7
6
6
9
7
7
0
2
-1
1
0
0
-11
-28
1
-4
0
0
0
0
1
-7
0
0
-13
-22
-8
-14
0
0
-2
-11
-4
-7
-2
-1
-1
1
0
1
14
20
20
5
7
9
-1
-2
0
-7
-11
-9
-39
-37
-13
-30
-30
-15
-12
-22
-38
0
0
0
0
0
0
-7
-12
-17
0
-21
-35
0
1
-15
0
0
0
0
0
0
-19
-7
13
-24
-7
31
-18
-11
8
-6
1
10
-1
1
5
1
1
2
0
1
2
1
1
2
13
19
22
5
6
8
-6
-9
-6
-18
-20
-15
-12
-11
-4
0
0
0
-8
-17
-33
-15
-22
-33
-1
-10
-17
-5
-15
-20
-32
-47
-51
-30
-47
-47
0
0
0
0
0
0
-32
-20
-3
0
0
0
0
9
16
0
6
12
-2
1
4
-2
-2
-1
-5
-5
-4
-6
-5
-5
2
5
2
-1
0
-6
0
0
-1
-3
-3
-9
0
4
-1
-6
-4
-18
0
0
0
0
-11
-27
-3
-4
-5
-6
-3
-3
-3
-3
-7
-7
7
11
16
2
4
7
4
-2
-3
-2
-10
-13
3
-5
-16
6
-3
-24
2
-10
-29
-21
-22
-27
-10
-7
2
-5
-3
0
-11
-22
-28
-19
-29
-31
0
0
0
0
0
0
-24
-28
-30
-4
-9
-24
13
11
-9
-1
-2
-1
-6
-8
-7
-8
-10
-10
-11
-12
-11
-12
-11
-10
0
0
3
7
0
1
0
4
1
5
-5
-15
0
0
-6
-5
-1
-3
0
-1
-2
-4
-3
-13
0
0
2
2
-3
-6
-5
-8
-13
-14
-15
-11
8
-6
-2
3
4
2
1
5
2
-5
7
4
-6
4
2
-10
3
-4
-18
-10
-14
-21
0
0
0
-7
-9
-8
-3
-18
-17
-6
-14
-18
-2
-8
-20
-5
-18
-36
-26
-39
-48
-12
-36
-47
-4
-16
-26
-3
-12
-18
-8
-14
-17
-11
-15
-18
-15
-17
-16
-16
-15
-15
-5
-9
2
4
0
0
0
4
0
4
-2
-3
-2
-3
1
-10
0
-3
2
3
1
1
-3
-9
-3
-7
-2
-5
-3
-7
-5
-10
-15
-17
-17
-10
5
-7
-5
1
1
1
0
2
4
1
5
5
0
7
1
-9
1
-5
-18
-2
-4
-14
-2
-3
-12
-14
-11
-10
-21
-13
2
-7
0
11
4
4
-3
0
-5
-16
-3
-12
-18
-6
-6
-5
-9
-13
-12
-14
-18
-19
-14
-18
-20
-14
-19
-20
-17
-19
-19
-16
-15
-16
-1
-2
-7
-8
0
0
-1
1
0
3
3
4
-2
-1
-5
-7
0
0
2
7
0
-2
0
0
0
0
-2
-8
-4
-9
-6
-12
-14
-17
-2
-6
-14
-3
-5
-10
-5
-3
-2
4
10
5
11
11
5
2
0
-7
2
-4
-15
3
0
-10
4
12
14
1
8
11
-1
0
-2
0
0
0
13
9
0
4
0
-7
-1
-3
-4
0
0
0
-5
-7
-5
-12
-15
-13
-12
-16
-16
-14
-17
-19
-17
-19
-17
-17
-16
-15
3
-5
-18
3
-2
-7
0
1
0
2
1
1
4
2
-1
-3
-6
-9
-3
-11
-19
-3
-10
-21
0
0
-11
1
-3
-11
2
-9
-26
4
-3
-20
25
16
-3
24
16
2
1
-1
-6
-4
-7
-10
-6
-6
-7
-7
-8
-6
-7
-7
-6
-7
-7
-7
-10
-11
-11
-12
-11
-10
3
5
1
1
0
0
0
1
0
0
0
0
0
0
2
4
0
3
8
25
2
12
-1
-2
-4
-6
-1
-5
-2
-6
-4
-7
-10
-11
20
18
0
-8
-6
-17
-11
-10
-6
-2
-3
6
19
6
-1
0
0
2
5
7
3
-1
19
22
9
-6
-8
-18
-18
-24
-28
-24
-14
-2
12
5
-3
0
0
0
8
9
5
0
15
25
11
0
-3
-12
-21
-37
-51
-44
-33
-15
1
-1
-2
0
0
1
10
11
6
2
6
-1
-3
0
0
1
0
-1
0
4
0
0
0
4
5
2
-3
14
-2
-5
-1
1
0
-2
-1
1
12
-1
0
0
8
10
5
0
44
23
1
-12
-9
-5
2
-3
-10
-15
-14
0
9
8
-9
0
0
29
39
24
15
9
47
32
14
-5
-2
-1
-2
-11
-20
-22
-20
-6
5
1
-8
0
0
24
42
29
19
12
47
41
27
11
10
5
-5
-18
-28
-27
-23
-9
1
0
-6
0
0
14
35
31
21
14