16
12
7
-25
-27
-25
-22
-29
-35
-22
-19
-28
-11
-12
-18
4
-16
-36
11
-27
-66
-58
-88
-105
-58
-71
-90
-19
-25
-43
-17
-31
-46
-40
-67
-82
-51
-83
-99
-27
-51
-68
15
0
-13
36
26
19
39
34
30
34
28
26
19
20
20
12
14
14
7
7
7
0
23
-8
-1
1
12
5
13
21
23
0
-22
2
-5
-8
-9
0
-59
6
-16
8
3
12
16
21
27
18
23
6
11
11
10
-49
-52
-39
50
53
43
28
47
50
24
38
46
43
53
54
1
-7
-22
19
1
-62
-43
-78
-111
-34
-54
-81
13
9
0
-18
-19
-17
-111
-125
-122
-68
-103
-125
-35
-63
-79
-6
-19
-26
15
8
2
26
19
14
27
22
20
17
18
16
12
13
14
7
7
7
-36
-44
-45
14
34
37
25
36
38
6
13
20
30
42
41
0
0
0
0
0
-81
1
-12
-69
4
-22
-56
40
19
-4
22
21
14
-90
-78
-63
-84
-97
-94
-44
-56
-68
-17
-25
-31
3
-2
-9
15
11
6
20
16
14
17
17
16
12
13
12
4
4
5
-22
-11
0
6
13
15
0
0
0
0
15
13
25
34
34
34
-58
-80
-27
-52
-10
-17
2
3
12
15
11
15
9
13
6
6
-15
-20
-23
4
5
-1
0
0
-5
-76
-83
-68
0
0
0
0
0
0
12
11
9
27
8
-15
13
-13
-45
-7
-43
-68
0
0
0
6
14
8
-21
-22
-23
-24
-25
-34
-15
-17
-25
-1
-4
-9
9
7
3
14
13
11
17
16
16
14
12
11
6
5
4
0
-6
0
0
-48
-72
0
0
18
29
28
37
15
8
0
0
8
14
-5
-9
-7
-13
1
0
9
9
10
14
13
15
5
7
0
-19
-40
-30
-33
-37
0
0
-15
-1
-25
-50
-83
-102
-118
-48
-43
-44
57
62
55
38
25
15
-12
-38
-57
-55
-74
-101
0
-42
-69
34
24
12
19
17
10
-6
-6
-13
-8
-10
-15
-1
-4
-7
7
5
1
11
11
8
14
13
11
11
9
8
4
4
3
-9
-15
-18
-14
0
7
-60
-52
20
30
23
24
0
-2
0
-14
26
38
6
7
-5
-8
0
-2
6
6
9
10
6
8
3
3
-20
-43
-79
-16
-32
-42
-1
17
23
40
35
23
-22
-56
-85
-30
-61
-80
24
23
17
13
8
5
-29
-54
-66
-57
-89
-111
-11
-39
-72
22
8
-11
11
8
-7
-6
-7
-14
-9
-12
-16
-4
-6
-9
2
0
-3
6
5
2
7
6
4
4
4
3
1
1
1
0
0
17
27
-18
-20
0
3
-1
8
5
-2
0
-4
1
-4
2
1
-10
-12
-10
-14
-5
-7
1
-1
1
-1
-6
-5
-5
-4
-50
-85
-106
-11
-23
-29
30
47
56
52
70
81
-45
-68
-85
-24
-59
-80
19
16
17
18
20
21
-25
-44
-58
-21
-63
-92
-10
-36
-68
-5
-19
-34
-11
-16
-28
-18
-20
-26
-15
-18
-22
-9
-12
-14
-5
-8
-9
-4
-5
-6
-5
-5
-6
-5
-5
-4
-2
-1
-1
-48
-62
-74
-26
-37
-45
9
5
5
0
0
0
0
0
0
-1
-1
5
100
104
101
72
71
63
-48
-64
-67
-32
-73
-103
-12
-47
-77
-4
-23
-42
-18
-23
-33
-22
-24
-28
-18
-21
-24
-15
-17
-18
-14
-16
-17
-16
-17
-14
-16
-16
-13
-10
-9
-8
-2
-2
-2
0
-12
8
9
0
0
0
0
66
93
2
7
-2
-17
0
0
-14
-8
-14
-19
-12
-17
-11
-13
-8
-12
-11
-15
-13
-15
-3
-3
-1
-5
-2
-64
-75
-80
-67
-89
-98
0
0
0
0
0
0
90
138
157
180
202
206
56
63
68
-14
-12
-12
-65
-94
-91
-21
-45
-60
-8
-21
-33
-9
-17
-25
-19
-22
-25
-20
-22
-24
-19
-20
-20
-19
-19
-17
-18
-18
-16
-14
-15
-12
-7
-8
-9
-2
-2
-3
-15
-40
-17
-36
0
0
28
64
91
130
0
0
0
-13
-19
-12
10
-2
-4
-8
-11
-17
-13
-17
-14
-18
-11
-15
-4
-6
-1
-1
0
0
0
-49
-59
-55
-86
-94
-99
-55
-74
-78
18
34
40
176
195
215
65
59
100
0
0
0
0
0
0
14
15
13
11
14
16
4
5
2
-12
-15
-18
-20
-22
-23
-18
-20
-20
-17
-16
-16
-14
-13
-10
-11
-10
-9
-8
-8
-8
-5
-5
-6
-2
-2
-2
-6
-3
-33
-53
-18
-23
75
118
0
0
0
0
20
31
0
15
-12
6
-17
-19
-9
-11
-8
-11
-7
-8
-2
-3
-4
-4
1
0
1
0
0
21
19
8
-22
-25
-38
-38
-40
-52
31
41
46
76
76
97
0
0
41
-11
-9
-13
6
7
3
57
71
70
58
74
81
20
31
28
-7
-12
-11
-11
-16
-14
-6
-6
-5
-3
0
2
0
2
4
1
3
3
1
1
1
-1
0
-1
0
-1
-1
0
0
0
1
-6
-5
16
11
0
0
0
0
4
7
24
57
0
0
8
3
10
13
10
14
8
11
6
9
13
10
2
1
-6
-2
-11
4
7
-1
0
-7
-16
-6
-13
-19
3
1
5
-10
-6
10
3
17
45
0
0
0
0
0
0
53
63
70
96
116
103
9
10
8
-16
-24
-9
11
6
13
21
21
26
20
24
26
17
20
21
13
15
15
10
10
10
6
6
5
1
1
1
3
-2
-19
-9
-13
-22
-1
-4
-12
6
-3
-15
-4
-20
-32
-51
-61
-71
-71
-82
-95
0
0
0
0
0
0
119
135
156
63
75
61
0
0
0
39
36
43
55
62
66
52
57
64
44
48
51
34
36
37
22
24
23
16
16
16
12
11
10
3
4
4
0
-4
-12
-8
17
18
-4
-26
-23
-50
0
0
45
68
47
67
0
0
36
51
32
51
27
38
21
29
15
19
11
14
-1
2
-14
-26
-50
-10
-25
-40
-17
-22
-31
-6
-16
-30
-10
-27
-50
-20
-52
-91
-84
-106
-131
-74
-92
-92
71
92
107
118
132
148
11
22
43
16
25
36
91
97
99
91
99
104
78
83
88
60
64
65
44
45
45
28
29
29
19
19
18
14
13
12
5
6
5
0
-2
-2
-11
3
-2
0
0
-36
-50
-28
-40
54
89
-3
2
0
14
46
76
48
71
39
54
27
38
18
23
14
16
5
8
-63
-82
-99
-21
-49
-76
-13
-33
-52
-23
-34
-54
-22
-41
-68
0
-35
-68
-2
-26
-66
-8
-19
-17
66
83
83
53
81
103
-3
32
64
23
37
58
63
75
85
87
92
102
78
83
89
63
66
66
45
46
47
28
29
29
15
17
17
8
10
9
5
4
3
0
-22
14
9
-23
-26
-16
-25
0
18
28
30
0
31
-15
-14
-3
1
30
46
42
59
38
52
22
32
11
17
-2
2
18
9
-71
-95
-115
-44
-63
-85
-14
-40
-64
-20
-45
-67
-43
-58
-75
-31
-36
-52
16
8
-5
49
67
76
74
105
117
31
69
105
6
27
54
4
12
28
31
39
50
58
66
73
66
69
72
54
56
58
35
38
40
23
23
23
12
12
13
5
6
6
4
3
2
-57
-70
-90
-35
-49
-70
1
-14
-29
-46
-65
-9
-12
-19
-45
-65
0
0
-10
-33
-54
0
-5
-9
-20
-31
-5
4
12
-16
-10
56
80
77
13
36
71
103
120
-4
10
54
96
108
1
13
11
19
24
-22
-29
-18
3
-3
15
17
17
14
22
49
54
57
28
44
54
59
62
31
40
41
44
47
24
26
28
14
21
13
13
14
7
10
9
7
7
5
7
8
5
4
14
9
4
3
2
-22
-15
-17
-28
-32
-36
-9
-18
-43
-46
-49
-30
-41
-34
-38
-51
-21
-25
-11
-20
-34
-8
-3
4
-6
-15
12
9
5
18
17
22
28
42
3
10
23
50
59
0
12
52
55
50
0
0
0
0
0
5
2
9
16
25
54
52
49
37
58
66
70
70
33
48
51
57
56
18
26
28
33
36
8
13
16
3
4
-3
1
3
-7
-7
-3
-2
-2
3
3
4
0
-3
10
6
3
0
-2
36
46
53
-4
-2
1
-31
-26
-28
-33
-33
-37
-28
-30
-35
-12
-15
-20
1
-6
-14
-26
-27
-26
-47
-48
-42
-51
-52
-43
1
4
7
113
107
95
116
117
116
82
93
92
46
54
56
16
22
25
-6
-2
0
-21
-18
-15
-21
-20
-20
-9
-13
-15
-2
-6
-8
-1
-1
-17
-23
-18
-26
-13
-20
-4
-7
-31
-47
-28
-47
-15
-23
73
111
66
97
36
47
2
8
-14
-17
-23
-30
-13
-17
1
-1
56
64
72
12
18
24
-9
-7
-5
-19
-18
-19
-23
-25
-26
-22
-23
-26
-28
-29
-32
-51
-51
-51
-72
-78
-76
-68
-72
-63
-4
2
2
94
98
95
112
118
120
71
80
84
27
36
40
-5
0
4
-31
-26
-22
-44
-41
-39
-42
-41
-39
-24
-29
-31
-9
-13
-16
3
8
-3
-3
-9
-13
-12
-18
-21
-31
-37
-52
-43
-62
-18
-19
26
48
27
51
-5
6
-31
-30
-52
-61
-52
-68
-36
-44
6
-4
44
48
54
18
22
26
3
3
4
-8
-9
-10
-16
-17
-17
-18
-19
-19
-28
-27
-28
-46
-45
-45
-60
-62
-58
-50
-50
-46
-5
-1
3
41
49
55
51
61
70
25
38
45
-9
6
13
-36
-23
-17
-64
-48
-36
-77
-61
-54
-70
-58
-48
-42
-43
-41
-9
-16
-25
20
25
27
16
16
17
11
14
5
4
3
3
3
-4
-4
-4
-9
-9
-10
-8
-8
-8
-10
-9
-11
-10
-15
-14
-14
-12
-14
-22
-20
-21
-24
-27
-25
-26
-26
-27
-34
-20
-20
-20
-16
-15
-6
-3
-2
10
13
19
-4
4
6
18
24
-10
-4
2
11
19
-26
-21
-14
-4
3
-47
-44
-31
-19
-12
-46
-36
-26
-67
-66
-59
-49
-36
-73
-81
-63
-53
-46
-35
-48
-40
-41
-40
8
-10
-16
-22
-22