33
28
27
57
51
51
149
196
237
233
296
393
309
395
485
310
399
500
268
346
475
219
372
476
243
374
448
282
379
477
304
413
496
207
372
494
204
357
487
278
388
508
341
460
576
459
560
657
569
630
676
667
723
760
754
805
843
876
901
927
969
975
983
0
27
21
28
63
128
95
168
28
49
0
35
78
136
109
217
0
155
96
170
162
280
231
365
373
482
488
624
666
803
901
937
116
112
102
101
119
118
96
185
250
145
214
271
210
249
274
194
254
301
76
133
266
82
169
269
120
199
298
225
264
299
298
327
318
309
382
401
252
344
449
319
420
519
405
493
570
494
571
635
583
649
708
675
716
747
765
815
846
886
908
931
969
975
985
202
270
295
181
268
290
143
224
272
107
178
222
48
87
100
0
0
0
0
0
132
18
29
125
111
146
208
136
162
186
87
69
59
147
135
143
239
310
337
336
395
488
409
498
563
513
576
642
599
654
715
685
732
768
781
822
853
902
917
930
971
978
984
40
77
0
56
14
38
0
0
0
0
22
37
60
110
62
62
100
133
122
220
195
310
283
399
371
518
500
628
739
828
912
947
152
213
297
119
144
232
1
0
132
103
135
160
0
0
0
0
0
0
25
32
31
102
119
147
125
159
213
67
117
172
0
0
0
37
52
77
195
238
277
337
390
456
437
498
566
526
578
639
612
660
715
692
741
780
804
830
852
914
920
932
975
980
983
35
51
0
0
50
74
0
0
24
47
64
104
35
62
0
0
31
61
111
206
225
332
322
442
435
543
544
666
790
856
916
955
0
120
278
46
82
187
0
0
144
73
161
267
207
300
374
200
254
311
160
217
280
178
245
308
153
235
318
86
186
305
0
166
295
148
227
306
264
329
392
377
439
490
455
518
572
538
603
658
600
666
725
692
742
782
817
844
860
920
925
930
977
981
981
30
50
29
45
0
45
118
149
103
167
82
138
0
4
1
70
98
165
158
254
251
356
358
456
465
547
563
676
785
858
921
962
105
179
305
105
184
259
132
204
293
192
317
406
192
376
521
193
398
506
250
366
479
222
345
445
169
340
445
191
332
433
196
313
455
275
390
456
331
420
492
402
480
551
486
564
625
565
640
695
629
691
755
699
759
802
821
848
879
919
925
940
974
980
980
0
0
26
59
32
73
0
28
32
64
39
100
0
33
73
147
126
207
203
284
261
367
356
459
441
550
498
671
768
846
925
952
118
215
281
78
187
270
99
215
284
141
193
274
150
258
367
171
304
397
160
308
423
223
322
419
220
354
457
204
359
454
223
352
469
283
408
501
333
429
525
426
507
589
489
579
635
564
641
692
628
713
752
719
773
803
810
846
872
913
922
929
972
979
980
89
134
180
95
156
193
59
98
125
0
0
0
0
0
0
11
28
86
166
213
242
255
306
324
219
339
369
141
296
395
112
270
394
146
299
411
252
363
469
370
454
528
455
541
608
537
602
661
596
657
716
686
730
781
778
822
863
899
917
938
972
978
981
0
44
6
15
0
0
0
0
63
119
104
159
2
46
0
0
57
100
132
218
219
322
322
433
388
516
535
641
735
815
907
948
112
138
134
117
140
155
69
104
121
0
0
0
0
0
0
63
96
123
141
170
183
51
66
76
32
32
35
126
202
203
147
239
299
148
262
343
211
318
410
320
395
482
396
473
560
492
564
612
558
627
688
661
705
743
766
808
848
893
911
926
971
979
984
15
57
25
42
0
0
18
46
60
95
0
0
0
20
46
80
44
93
111
193
206
306
281
381
370
493
480
617
733
813
915
941
0
0
0
81
91
102
143
172
203
137
202
239
142
223
263
183
222
261
89
77
113
0
0
0
0
0
0
62
84
90
128
198
255
173
267
330
222
307
392
296
386
459
388
466
525
473
536
594
555
615
674
668
712
747
774
815
844
899
913
930
975
978
978
35
47
73
124
94
155
91
144
0
0
0
0
16
32
0
37
38
49
94
141
165
257
262
366
380
483
519
643
723
834
911
957
29
19
25
76
112
141
86
143
223
181
228
294
205
256
306
118
139
199
0
0
127
101
155
258
132
181
213
106
153
178
120
191
232
108
225
310
124
237
346
247
312
406
364
434
502
457
529
582
562
630
678
685
722
745
792
818
841
901
912
928
972
975
979
0
0
0
21
40
65
23
47
0
0
0
0
20
28
29
68
0
0
36
90
139
219
261
366
401
491
482
644
711
827
911
948
106
158
223
59
153
249
77
149
244
103
192
284
140
208
284
93
162
212
61
92
122
0
0
0
0
0
0
65
86
117
130
165
168
137
164
146
146
203
237
210
293
355
350
409
476
455
524
571
560
624
685
689
726
755
795
817
842
896
912
929
969
973
981
161
218
281
147
208
289
141
213
278
108
201
300
144
219
293
140
212
274
85
134
176
0
0
0
0
0
0
102
126
157
66
90
88
0
0
0
103
115
155
246
299
338
362
421
488
462
530
589
564
641
696
686
726
747
781
814
847
880
904
924
966
975
981
0
87
35
60
37
77
8
61
17
49
0
0
33
54
39
65
0
0
82
130
164
262
265
363
373
483
539
651
697
801
890
941
212
280
364
164
264
350
146
243
332
142
210
315
112
203
291
112
214
310
186
271
351
236
305
373
205
273
351
233
279
338
182
251
289
226
268
290
251
294
339
320
375
431
406
466
525
487
559
607
580
637
697
671
719
757
757
808
845
858
896
916
953
965
975
0
24
17
59
12
38
0
0
78
108
137
206
141
224
57
121
0
109
123
223
210
310
288
403
378
504
488
610
617
756
852
908
232
338
432
131
275
414
122
231
339
135
213
320
90
195
327
0
159
303
40
157
347
210
342
464
305
400
510
267
393
488
279
413
511
322
418
508
364
453
510
402
465
526
455
519
580
516
565
627
582
646
699
670
708
760
732
807
839
845
890
920
949
970
980
0
67
37
71
66
82
37
57
0
32
13
53
0
79
69
81
129
231
177
291
258
358
316
427
375
512
477
630
628
754
881
935
205
315
414
173
280
406
154
258
369
121
223
329
119
218
356
128
216
354
126
225
358
154
307
463
204
389
535
151
366
539
206
376
535
322
437
533
369
480
557
406
507
568
494
541
587
537
600
650
606
658
718
695
743
779
780
809
846
869
898
918
963
968
976
234
334
416
237
323
443
54
123
188
302
419
40
73
101
255
399
0
0
90
259
387
0
58
186
327
413
220
356
447
62
123
255
357
483
63
119
237
349
445
94
115
243
358
411
106
153
294
367
356
300
340
378
129
234
343
418
447
186
289
445
497
554
248
376
500
561
610
370
450
557
616
669
626
689
739
399
527
703
742
762
540
639
768
812
852
653
799
880
893
919
893
945
966
970
977
289
406
470
291
394
498
148
230
291
393
500
143
218
220
332
485
109
178
213
351
490
89
137
201
355
484
230
392
539
103
177
278
419
515
74
160
201
301
365
0
60
95
127
153
0
0
0
0
0
136
142
170
69
130
301
361
398
190
286
447
492
545
283
390
514
571
618
338
465
576
638
686
643
697
758
425
553
715
761
793
497
636
778
817
855
687
800
865
893
916
883
928
965
968
976
404
498
560
398
491
583
388
494
606
399
515
629
403
498
601
354
481
593
353
461
581
349
486
566
297
378
446
228
231
288
166
152
193
225
242
274
352
412
449
460
528
581
522
591
651
588
646
696
652
713
764
707
754
800
783
819
852
860
885
908
955
965
970
211
342
200
338
206
349
209
325
196
323
174
292
176
273
205
285
176
274
215
330
279
387
304
453
386
533
457
617
663
787
883
914
459
572
666
445
552
651
444
563
655
475
593
686
482
589
681
466
580
677
501
604
695
494
579
657
488
561
617
463
528
550
448
490
543
445
496
534
456
529
595
474
575
640
517
611
669
559
647
701
606
691
739
639
727
772
728
785
825
818
865
896
946
961
969
185
322
184
364
238
369
188
327
197
396
272
415
295
450
302
475
261
440
262
416
249
408
276
440
306
468
345
541
489
654
820
876
460
573
650
447
547
610
446
526
599
452
543
605
445
539
622
427
529
614
479
576
635
517
591
646
545
620
665
566
641
705
574
643
698
562
633
684
543
603
663
516
588
641
501
577
613
536
600
660
563
627
657
595
669
722
647
740
768
770
833
863
928
951
961
379
442
467
394
453
505
229
314
339
395
448
256
332
379
429
472
262
331
366
403
431
244
318
378
447
465
416
448
465
296
374
438
447
487
322
406
438
482
520
333
445
450
493
539
351
440
473
516
585
479
473
535
365
449
405
457
481
331
401
430
448
479
327
395
425
466
465
345
412
430
446
453
468
500
505
400
447
540
578
562
438
527
635
674
690
604
673
784
771
784
859
885
934
931
925