6
0
-11
9
6
14
21
28
42
18
23
30
-13
-21
-30
-61
-84
-98
-85
-94
-107
-34
-32
-26
32
27
23
28
35
32
-21
-10
2
-26
-14
4
43
55
64
91
105
114
87
115
139
93
119
136
89
105
112
81
102
109
112
137
142
232
198
178
157
147
109
0
-7
3
13
4
12
-8
-24
-12
-35
0
13
8
24
-6
-12
0
10
19
47
21
55
24
56
35
56
35
59
134
178
325
262
-11
-15
-22
-22
-13
6
9
11
23
29
31
26
1
-6
-19
-48
-76
-85
-48
-71
-91
7
9
0
41
48
48
24
31
23
-17
-11
-5
4
9
29
53
69
85
79
103
128
83
111
128
87
106
118
81
94
101
74
91
93
112
137
137
233
199
177
165
127
108
-21
-35
-46
-25
-34
-31
-12
-7
0
18
25
25
8
8
-2
0
0
0
0
0
-21
13
26
33
29
37
38
6
6
-2
-1
-2
-9
11
19
36
43
73
107
72
98
130
73
104
121
78
94
109
72
85
93
69
87
95
115
132
133
233
192
170
149
87
100
1
-5
0
-10
5
13
0
0
0
0
2
11
2
9
0
0
-4
5
13
36
21
48
28
51
27
52
35
57
173
195
303
235
-15
-27
-42
0
-22
-40
0
0
6
15
38
45
0
0
0
0
0
0
9
11
11
8
14
17
-12
-13
-9
-30
-35
-33
0
0
0
19
32
51
49
76
109
69
97
124
73
94
110
70
84
96
66
77
88
70
84
90
115
127
121
219
189
169
169
133
109
8
10
0
0
3
8
0
0
2
10
-6
-6
-8
-23
0
0
5
21
12
37
24
47
28
49
32
50
45
68
191
192
318
255
0
-8
-30
8
-1
-22
0
0
8
13
34
55
13
9
17
16
13
13
24
23
23
-9
-11
1
-46
-42
-32
-23
-28
-25
0
26
37
64
90
106
66
99
131
75
101
120
69
88
104
64
80
90
61
75
86
74
85
89
117
122
115
219
185
157
148
124
106
0
1
-7
-17
0
1
7
25
4
22
-14
-30
0
-2
1
31
18
49
15
41
25
48
29
47
34
48
52
72
182
191
305
158
-2
-12
-23
0
-1
-5
-5
7
11
-23
1
21
-16
0
21
33
30
27
32
21
14
-27
-27
-14
-46
-42
-32
12
10
8
76
75
76
88
118
128
79
112
127
76
101
121
72
93
106
65
82
93
63
75
87
75
88
93
119
127
127
214
184
163
146
125
108
0
0
-3
2
-10
-16
0
5
6
18
-16
-35
0
-5
29
70
20
48
27
51
28
51
27
45
29
46
40
69
177
187
287
257
-15
-22
-16
-1
1
-1
18
16
11
-14
-7
4
-16
1
11
12
16
17
19
12
3
-28
-28
-21
-43
-43
-30
20
15
15
81
78
80
81
106
118
79
105
121
82
107
121
71
97
107
65
82
89
61
79
84
75
86
89
116
122
123
216
184
152
158
129
111
-13
-8
-2
8
11
9
12
13
11
0
0
0
0
0
0
0
1
0
1
-4
-11
-30
-28
-21
-43
-43
-27
-24
-20
-6
26
33
44
48
67
82
68
91
106
79
102
110
69
91
101
62
75
85
56
66
76
62
77
86
110
124
127
227
195
173
155
137
115
0
4
2
3
0
0
0
0
1
1
-6
-21
-1
-17
0
0
11
33
17
45
24
46
26
43
23
40
38
54
159
178
312
256
-8
0
4
19
19
20
9
9
10
0
0
0
0
0
0
-3
-8
-13
-6
-10
-24
-7
-7
-5
-5
-3
-2
-14
-10
0
0
7
23
32
44
58
62
80
91
71
89
104
64
83
97
60
74
81
51
65
74
56
74
81
110
123
126
218
187
160
142
118
98
10
21
2
5
0
0
3
4
-5
-9
0
0
0
-4
-10
-17
12
31
15
44
21
47
21
41
22
38
32
53
161
187
282
246
0
0
0
13
14
25
13
13
16
2
7
12
-1
2
0
-3
-14
-23
-7
-1
-6
0
0
0
0
0
0
-13
-6
6
-8
-5
13
37
40
51
62
77
88
70
92
101
66
85
95
59
72
82
54
66
74
59
77
82
110
127
128
225
188
168
153
123
74
5
9
1
8
-2
-4
-1
-1
0
0
0
0
-1
-2
0
-9
8
22
13
35
17
41
24
42
24
40
34
56
162
193
289
213
-4
0
3
-1
3
16
12
12
16
8
13
18
1
1
-2
-8
-22
-34
0
0
-6
31
69
80
11
24
32
-13
-6
6
-30
-26
-8
-3
6
25
42
58
76
64
86
100
63
82
95
61
76
85
58
72
79
65
80
81
112
121
120
229
177
160
161
112
73
0
0
0
3
-2
3
-4
-12
0
0
0
0
-1
0
-13
-32
0
0
8
31
13
34
21
41
28
43
30
58
144
181
311
248
-28
-8
16
-7
-12
-1
7
10
12
9
12
14
0
1
-3
-18
-23
-23
9
0
-9
0
0
0
0
0
0
-9
-8
-6
-39
-35
-27
-16
-5
12
43
56
68
50
75
95
60
79
93
62
76
84
59
71
78
68
81
84
116
128
127
219
181
164
185
131
76
-27
-20
-7
-14
-18
-12
-4
-2
2
6
3
3
-14
-9
-8
-3
1
4
33
22
15
0
0
0
0
0
0
-11
-10
-18
-18
-26
-36
0
0
0
30
40
66
45
70
91
55
74
91
58
72
81
57
71
78
64
78
78
106
121
123
212
179
166
133
91
82
0
-4
5
4
-4
-8
-11
-11
18
38
0
0
-1
-3
-8
-16
0
0
10
25
12
31
22
38
24
40
33
56
135
164
285
228
-47
-50
-38
-29
-32
-27
12
3
-6
-2
-7
-12
-21
-22
-19
18
12
6
62
56
46
26
35
34
16
17
16
0
3
-5
-21
-12
-8
41
39
26
58
66
74
53
73
91
56
73
88
55
69
79
54
66
74
57
74
80
100
120
123
207
177
158
152
134
97
0
-8
9
23
-4
-16
0
0
15
36
4
17
5
14
-9
-21
0
29
14
39
13
33
21
38
21
37
26
45
108
156
297
224
-60
-60
-61
-20
-34
-40
18
1
-12
-8
-13
-21
-21
-35
-32
0
-10
-5
21
36
42
25
45
54
32
28
28
14
16
15
16
28
33
68
79
77
77
94
100
62
82
97
57
75
88
54
65
77
47
63
71
52
66
79
88
115
116
179
168
158
153
107
90
0
-2
3
7
1
-5
-3
-4
0
-3
-1
5
0
13
-1
8
13
48
18
43
21
38
23
39
17
33
24
49
107
144
298
228
-41
-50
-53
-13
-30
-39
-5
-17
-27
-18
-22
-25
-4
-13
-17
3
9
9
4
17
25
1
13
21
-5
-1
6
-11
5
14
57
66
63
85
101
103
70
102
120
58
88
102
61
75
86
53
66
75
47
59
70
56
72
80
106
114
118
209
168
150
148
126
76
-27
-38
-44
-16
-31
-42
3
3
-24
-37
-40
-2
-12
-23
-27
-30
0
0
6
1
-7
0
4
18
22
15
21
25
21
-1
10
-13
-12
3
-5
-17
-21
-20
-21
2
0
6
6
3
3
23
59
57
49
65
80
98
14
44
59
92
121
14
37
65
87
105
19
39
58
75
89
25
37
53
65
77
49
63
72
20
34
56
71
71
33
47
100
114
119
126
171
207
173
154
281
231
137
120
87
-21
-31
-36
-20
-32
-43
-3
-10
-26
-38
-41
-6
-15
-24
-26
-30
-7
-16
-13
-13
-15
0
-5
2
4
3
17
23
17
0
7
-8
-6
-8
-7
-17
-14
-15
-23
0
3
11
-3
-32
0
0
0
0
0
26
46
77
0
11
47
82
114
11
29
62
83
104
21
37
56
74
88
20
36
53
67
80
53
66
78
24
39
60
78
84
30
48
103
116
120
129
167
206
179
161
268
214
128
117
99
-18
-25
-30
-23
-32
-38
-21
-30
-35
-20
-25
-28
-15
-18
-20
0
1
-3
9
11
9
0
0
-6
4
-6
-25
13
-7
-36
0
3
-3
16
36
65
39
69
97
56
76
97
54
72
88
56
70
82
61
76
86
70
84
93
114
126
127
205
180
155
154
124
99
-7
-16
-7
-13
-6
-12
0
-1
-2
3
0
1
9
17
9
9
-3
3
8
22
15
31
17
35
24
44
33
59
138
176
253
232
-19
-25
-29
-19
-27
-31
-14
-22
-25
-14
-19
-22
-12
-14
-17
3
2
-4
14
14
5
12
10
0
10
3
-13
12
-2
-18
8
10
10
19
33
48
36
57
79
48
67
85
56
74
88
64
81
90
72
88
97
74
97
104
112
132
130
193
176
157
145
123
91
-5
-10
-2
-5
-5
-8
1
4
10
22
12
17
12
17
10
17
8
21
19
34
24
45
39
66
43
73
36
77
86
144
223
191
-27
-28
-26
-16
-21
-21
-8
-14
-18
-8
-12
-16
-6
-7
-10
14
12
4
27
21
11
24
19
9
19
11
0
21
12
3
26
23
22
39
44
48
51
60
69
62
72
80
79
84
86
96
100
106
109
110
103
114
122
120
136
151
138
178
177
155
120
88
92
-26
-24
-21
-17
-18
-19
-19
-16
-7
-10
-13
-4
-4
-5
-8
-11
5
-1
1
0
-3
22
21
18
13
8
29
20
12
40
38
28
20
14
39
33
23
16
10
45
34
26
16
9
54
46
40
30
23
50
39
39
64
60
56
51
48
79
73
71
63
59
106
96
93
84
73
144
130
108
89
79
122
100
87
181
154
148
126
100
199
188
186
162
135
205
209
192
165
138
175
155
91
91
79