-1
35
83
133
187
202
180
152
105
51
13
-31
-7
78
125
144
167
185
178
154
125
81
15
-33
-31
126
222
177
153
153
143
123
111
83
19
-26
-81
75
224
237
168
136
122
109
83
55
18
-6
0
0
67
168
156
124
111
94
67
39
19
2
37
0
-51
20
72
79
80
74
56
36
19
9
136
29
-61
-36
16
32
38
40
36
30
20
16
124
53
-13
-24
-7
2
10
14
18
18
20
19
106
59
5
-14
-16
-14
-17
-11
-1
7
13
19
89
53
13
-16
-27
-27
-25
-23
-13
-2
8
15
71
49
12
-16
-33
-35
-30
-24
-15
-1
6
14
47
36
10
-16
-29
-31
-26
-20
-11
2
8
14
24
17
4
-11
-19
-20
-17
-13
-5
6
12
12
2
6
1
-9
-11
-8
-6
-5
0
8
10
8
4
41
95
142
180
186
176
146
98
52
16
-19
-4
81
143
161
182
184
175
149
114
68
16
-22
-13
127
232
211
187
171
149
127
110
78
18
-22
-62
82
215
249
192
156
130
105
82
57
18
-3
0
0
64
166
161
127
103
92
67
43
18
4
27
0
-42
24
75
76
73
67
53
33
17
10
120
24
-57
-38
13
30
39
40
33
28
19
16
119
58
-14
-25
-9
6
12
16
17
16
18
18
99
59
9
-14
-17
-12
-13
-9
0
7
12
17
82
51
14
-14
-23
-24
-23
-19
-11
-2
8
14
65
45
12
-15
-29
-30
-26
-21
-13
0
7
13
47
34
9
-15
-27
-27
-23
-18
-9
4
9
14
23
17
4
-9
-17
-18
-16
-12
-3
7
13
12
3
7
1
-7
-8
-7
-5
-6
0
9
11
8
4
50
98
144
169
170
152
125
83
48
18
-12
6
81
141
177
188
175
163
130
102
59
20
-15
2
114
213
215
194
168
142
117
100
64
18
-16
-41
83
194
237
189
159
119
96
77
52
17
-3
-2
4
73
159
159
123
97
79
63
40
17
5
22
2
-20
34
69
70
67
58
48
29
16
10
113
25
-41
-36
8
27
37
37
28
25
18
15
115
54
-12
-24
-11
5
12
16
15
15
15
17
90
52
10
-13
-17
-11
-8
-6
2
6
11
16
73
46
14
-11
-21
-21
-19
-16
-9
-1
8
13
59
41
13
-11
-25
-26
-22
-17
-10
1
8
12
45
31
8
-11
-22
-23
-19
-14
-6
5
11
13
21
17
4
-7
-14
-14
-14
-11
-2
8
12
11
1
9
1
-6
-5
-4
-3
-7
-1
9
11
6
3
50
90
125
141
141
129
106
68
42
18
-5
12
85
127
158
165
148
131
111
84
50
19
-8
4
108
181
198
184
151
125
102
84
54
17
-10
-18
88
185
209
183
139
105
85
70
43
17
-4
0
52
86
139
145
109
85
64
54
35
15
3
46
33
10
30
62
65
59
46
42
27
14
10
99
28
-22
-31
4
23
31
31
26
19
15
13
90
45
-6
-25
-11
3
11
14
12
13
12
14
76
46
9
-11
-16
-9
-5
-4
2
6
9
12
61
40
12
-7
-16
-18
-16
-12
-6
0
6
11
52
37
13
-7
-21
-21
-17
-14
-7
1
8
11
39
27
6
-10
-19
-18
-15
-11
-5
5
11
12
17
15
3
-6
-11
-11
-10
-9
-2
9
12
10
3
8
0
-4
-4
-1
-3
-6
-1
8
10
5