588
576
528
527
573
636
656
626
610
564
562
683
559
541
483
470
516
626
696
671
654
631
644
711
416
430
484
466
487
615
697
654
661
675
687
745
238
126
380
525
533
607
687
672
653
670
688
712
0
0
272
572
623
619
651
658
638
655
686
682
118
0
208
505
603
592
621
636
603
629
612
602
288
208
307
479
543
562
599
606
605
590
604
601
439
337
368
487
521
565
575
588
589
604
592
598
476
417
422
465
524
579
549
549
563
580
573
583
494
449
438
455
488
532
540
545
562
574
540
555
496
462
454
461
495
519
522
516
525
536
547
546
492
473
447
468
485
488
508
504
519
538
539
549
468
453
465
449
456
483
502
493
512
541
543
532
430
456
463
461
452
453
491
490
488
528
572
574
571
561
561
571
603
643
657
663
655
652
654
710
536
534
530
547
601
654
691
669
666
649
677
723
446
443
534
564
596
670
704
677
674
672
684
726
240
172
422
618
621
671
709
663
644
658
666
672
0
0
262
593
661
656
645
675
639
656
646
642
91
0
191
521
633
597
602
622
573
591
569
561
292
229
340
497
567
591
583
584
559
574
580
556
458
384
408
498
547
586
557
549
554
572
544
556
500
451
445
486
524
564
502
514
530
540
523
535
504
470
465
474
498
508
515
520
535
535
493
507
502
464
448
472
496
497
493
483
491
494
505
506
485
464
435
468
487
477
488
476
486
502
499
514
466
455
452
442
448
465
492
472
481
519
519
524
440
440
439
436
431
454
492
479
465
503
545
551
519
523
540
566
588
621
611
623
634
674
654
673
507
515
532
589
633
635
658
605
636
637
655
665
452
441
534
593
626
649
664
632
636
624
629
651
297
283
426
627
627
668
642
606
606
592
579
601
96
23
296
591
661
652
600
590
596
590
576
578
118
26
222
539
614
578
584
560
541
519
522
516
333
279
379
498
527
537
551
538
494
517
514
504
459
410
417
481
511
541
512
496
499
516
493
501
481
440
432
463
483
509
460
477
494
484
469
483
490
451
448
448
472
476
470
475
476
482
452
456
477
454
436
434
462
473
456
443
454
439
456
460
463
438
408
424
441
463
451
435
450
457
457
477
416
425
409
406
409
441
454
445
447
467
472
479
426
420
401
389
405
439
474
452
427
447
493
487
434
479
481
500
519
540
554
559
574
617
617
604
433
457
473
534
570
560
555
537
577
575
584
585
434
416
482
552
598
579
583
561
563
557
557
548
357
376
472
578
605
584
559
550
544
509
485
508
327
363
361
531
603
588
523
479
504
494
487
476
279
330
341
490
563
559
529
460
474
458
450
451
363
327
389
463
482
479
471
459
434
416
405
434
404
375
393
442
462
477
429
420
400
420
411
413
431
416
399
415
429
428
395
412
425
401
399
403
442
412
397
399
390
424
401
380
402
410
370
383
425
416
396
363
407
412
372
361
387
375
391
391
403
395
348
357
389
396
384
350
381
394
388
417
356
377
358
339
354
390
394
371
398
385
413
424
387
380
363
337
354
384
421
394
379
385
420
401