27
45
69
91
78
33
-2
-31
-56
-78
-70
-33
46
60
68
75
56
15
-6
-15
-38
-64
-71
-50
57
76
55
11
-11
-37
-29
-24
-37
-51
-65
-58
49
56
20
-38
-63
-59
-56
-58
-71
-74
-76
-71
0
0
-7
-26
-42
-46
-57
-72
-82
-86
-79
-72
-2
0
-1
2
-3
-17
-47
-58
-72
-69
-64
-59
29
-4
0
-1
-14
-25
-39
-42
-45
-45
-47
-46
12
-15
-18
-20
-29
-43
-39
-34
-30
-30
-30
-30
-17
-47
-45
-37
-42
-46
-34
-28
-21
-18
-16
-15
-29
-47
-52
-47
-44
-41
-31
-24
-16
-10
-5
-2
-34
-44
-54
-52
-45
-37
-25
-18
-11
-3
1
4
-34
-41
-42
-44
-38
-28
-19
-13
-8
-1
3
8
-28
-28
-28
-26
-21
-15
-8
-6
-3
-1
3
4
-16
-15
-15
-16
-9
-2
3
3
-1
-1
2
3
28
44
64
77
62
26
-2
-24
-46
-63
-57
-34
47
61
65
58
42
9
-6
-17
-38
-60
-65
-47
71
82
55
15
-10
-29
-26
-31
-40
-51
-63
-55
70
80
27
-21
-48
-50
-49
-48
-57
-62
-65
-60
0
0
-5
-22
-39
-43
-46
-60
-68
-71
-64
-59
-5
0
-17
-7
-13
-18
-40
-50
-60
-57
-54
-49
-3
-33
-23
-10
-15
-27
-34
-39
-36
-40
-40
-38
-1
-25
-23
-20
-29
-38
-35
-28
-25
-25
-24
-25
-15
-37
-40
-34
-34
-40
-29
-24
-18
-15
-12
-11
-26
-41
-47
-42
-38
-35
-26
-20
-13
-8
-3
0
-31
-40
-46
-45
-38
-30
-19
-13
-8
-1
1
4
-29
-34
-36
-39
-32
-21
-12
-7
-4
1
4
8
-21
-24
-23
-21
-15
-10
-2
0
1
2
5
5
-10
-8
-8
-9
-3
1
8
7
3
1
3
4
23
39
53
62
46
19
-2
-21
-35
-47
-41
-26
43
52
52
50
36
12
-6
-15
-37
-55
-56
-41
72
73
49
15
-5
-18
-21
-26
-36
-48
-54
-46
87
93
36
-12
-34
-40
-39
-38
-46
-49
-49
-47
4
1
2
-15
-36
-38
-38
-44
-52
-55
-48
-46
-10
-7
-27
-13
-15
-18
-33
-38
-47
-44
-42
-38
-34
-63
-40
-18
-14
-23
-29
-31
-27
-32
-31
-29
-8
-26
-23
-20
-27
-31
-29
-23
-19
-18
-17
-17
-13
-29
-31
-26
-27
-31
-23
-20
-15
-11
-9
-7
-21
-32
-37
-33
-29
-27
-20
-15
-10
-6
-3
1
-25
-34
-38
-37
-31
-23
-13
-8
-5
0
3
4
-25
-29
-29
-30
-24
-14
-5
-1
1
3
5
7
-16
-17
-15
-16
-10
-4
4
5
5
4
6
6
-4
-2
-3
-2
2
5
12
11
5
3
4
4
17
30
40
42
31
14
-2
-13
-22
-27
-26
-17
33
40
37
34
22
6
-5
-14
-29
-39
-40
-33
65
61
39
16
0
-10
-17
-23
-32
-40
-43
-36
78
82
35
-3
-21
-26
-27
-30
-36
-36
-36
-34
22
25
8
-5
-24
-29
-30
-26
-35
-36
-33
-31
-21
-38
-36
-14
-15
-18
-26
-24
-32
-30
-28
-26
-43
-65
-45
-20
-13
-19
-22
-21
-20
-21
-18
-21
-16
-29
-26
-20
-22
-25
-20
-17
-12
-12
-12
-11
-9
-21
-22
-19
-19
-21
-17
-14
-10
-7
-5
-3
-16
-22
-26
-25
-21
-19
-15
-10
-6
-4
-2
0
-19
-26
-29
-28
-24
-16
-7
-5
-3
0
3
4
-19
-24
-21
-22
-18
-9
-1
2
2
4
5
7
-10
-11
-9
-10
-6
0
8
6
7
6
6
6
-1
1
0
1
3
7
10
10
6
4
5
4