-31
-28
-24
4
67
135
167
148
113
92
98
41
-38
-87
-33
-20
-24
-18
19
94
138
110
93
108
120
77
-18
-87
-35
13
6
-16
0
0
67
37
14
47
82
69
14
-37
-41
70
123
51
0
0
0
5
-2
14
41
49
26
-12
-61
92
250
234
116
13
13
44
53
37
-4
4
7
-13
0
0
151
210
161
97
68
105
117
66
13
-9
-11
-14
0
0
2
66
95
89
105
126
120
80
34
8
-6
-8
0
0
-27
-5
12
31
62
89
89
70
48
27
11
2
21
0
9
15
24
12
12
27
36
45
44
36
24
14
43
0
0
27
43
14
-13
-19
-5
15
27
29
23
19
121
25
-49
-6
39
11
-17
-34
-28
-7
5
13
19
19
144
62
-3
-7
-11
-14
-36
-36
-27
-13
0
7
11
119
82
36
-14
-37
-45
-41
-44
-43
-37
-26
-15
-3
5
76
76
43
-7
-42
-54
-53
-50
-45
-37
-29
-20
-9
1
36
48
30
-4
-33
-47
-49
-46
-40
-33
-27
-19
-7
3
7
17
11
-6
-22
-32
-35
-33
-30
-24
-19
-13
-4
6
-1
1
1
-6
-14
-17
-19
-20
-18
-13
-8
-4
0
5
1
-3
-3
-6
-9
-8
-8
-10
-8
-6
0
1
1
3
-29
-18
-10
27
121
182
157
133
115
61
-52
-83
-48
19
2
7
62
106
82
77
104
84
-5
-64
-64
86
126
0
0
20
30
21
60
56
16
-30
-101
72
254
196
60
32
82
69
19
11
2
-18
0
0
77
139
104
104
123
105
40
7
-6
-9
39
0
-31
19
43
67
97
87
57
26
8
0
56
1
-2
9
21
20
36
38
42
34
20
11
81
0
-13
18
21
-10
-21
-2
16
22
21
20
134
35
-24
-7
-2
-25
-35
-23
-7
7
11
19
125
72
15
-25
-41
-38
-43
-38
-24
-9
2
12
74
72
27
-27
-52
-53
-46
-39
-29
-15
-3
10
33
41
17
-18
-41
-43
-39
-32
-24
-11
-1
10
7
10
2
-12
-24
-26
-24
-18
-10
-4
3
9
2
0
-2
-10
-11
-11
-10
-6
1
4
4
6
-22
-8
10
60
148
213
181
147
116
51
-33
-78
-46
26
26
25
88
137
117
111
122
89
-1
-63
-52
96
137
24
12
54
65
51
81
67
19
-32
-96
74
249
171
65
49
87
77
44
33
8
-16
0
0
72
147
107
93
113
103
51
14
4
-7
43
0
-40
26
59
71
94
85
58
29
11
3
92
19
-27
-1
20
28
40
42
41
34
19
13
82
27
-15
4
14
-2
-13
3
16
20
21
21
120
42
-18
-14
-8
-24
-31
-19
-6
7
12
19
113
65
12
-22
-35
-39
-40
-34
-20
-6
4
14
82
68
21
-23
-47
-47
-42
-36
-25
-11
1
12
41
41
13
-17
-40
-41
-36
-29
-20
-8
3
11
17
15
1
-13
-24
-25
-23
-16
-8
-1
6
10
3
3
-1
-11
-13
-13
-9
-4
3
7
6
7
-14
7
36
89
163
214
191
152
112
43
-24
-68
-28
40
46
59
105
157
148
133
128
89
5
-61
-50
106
162
71
65
88
100
83
96
77
19
-34
-101
70
245
179
88
70
101
93
61
40
14
-15
0
0
84
153
127
95
113
100
60
24
9
-4
51
0
-44
22
64
73
91
81
59
32
14
6
121
29
-44
-16
20
30
39
41
40
33
19
14
97
40
-16
-7
5
1
-3
6
17
19
21
21
111
50
-9
-16
-12
-21
-27
-16
-4
6
13
20
105
63
13
-21
-32
-36
-35
-31
-16
-4
6
16
80
61
18
-23
-42
-42
-39
-32
-21
-8
3
13
44
37
11
-17
-37
-38
-33
-26
-17
-5
5
13
20
15
3
-12
-23
-25
-21
-15
-7
2
8
11
4
5
0
-11
-14
-12
-8
-3
3
7
8
8
-8
27
63
113
179
211
187
152
107
44
-2
-43
2
65
103
99
133
175
166
142
126
84
6
-49
-35
118
208
132
112
128
127
111
108
82
20
-32
-93
81
233
213
131
107
112
102
75
51
16
-16
0
0
81
166
142
108
109
97
67
32
17
-1
44
0
-50
21
67
76
85
78
61
35
18
9
135
32
-58
-31
18
33
40
38
39
32
20
16
116
47
-15
-20
1
1
5
10
17
21
22
20
108
56
-1
-19
-15
-17
-20
-13
-4
6
14
20
96
58
11
-18
-30
-30
-29
-27
-13
-1
9
16
78
54
15
-18
-37
-38
-34
-26
-17
-5
5
14
47
34
10
-16
-32
-35
-30
-23
-13
-2
7
14
25
16
4
-12
-21
-23
-19
-15
-6
6
10
11
6
7
1
-10
-14
-10
-7
-4
2
9
9
8