555
480
388
263
213
221
249
284
324
305
185
71
63
267
535
467
330
147
54
133
236
332
366
300
246
197
226
318
481
432
311
103
0
0
216
357
339
224
186
278
352
381
378
346
304
115
0
0
223
391
313
120
153
343
396
412
234
197
310
250
91
57
262
370
283
115
196
338
418
452
0
0
244
328
241
204
282
390
342
261
290
368
441
483
0
0
17
296
266
239
291
380
400
404
391
448
470
490
0
0
94
271
232
147
207
337
427
471
489
504
522
538
78
0
78
242
213
108
194
341
422
475
519
530
544
553
150
0
0
212
228
179
239
361
424
485
526
551
562
571
234
65
75
146
223
269
292
362
426
473
517
548
566
569
331
206
106
87
215
315
367
443
473
509
543
561
563
384
290
171
165
239
333
377
378
445
463
499
534
562
563
387
353
272
259
291
354
390
406
456
465
502
531
550
558
369
383
358
346
352
368
397
421
464
478
507
529
541
537
359
387
392
384
387
393
407
417
454
477
496
511
525
526
372
393
410
394
393
395
408
423
440
461
486
498
510
516
381
398
416
396
375
367
393
408
407
437
471
486
512
512
585
500
311
176
217
342
456
447
280
196
208
414
519
456
273
42
97
279
453
371
285
326
412
481
389
350
270
0
0
285
452
269
247
407
475
517
235
119
318
231
119
316
448
272
278
405
540
552
0
0
260
337
298
363
456
416
398
490
523
562
134
0
172
318
263
288
425
503
521
537
550
580
177
1
106
279
261
269
411
498
542
575
588
583
232
0
91
248
265
299
444
490
543
593
613
619
332
173
169
214
344
412
470
498
538
590
603
587
427
310
210
230
366
423
445
486
508
578
594
587
416
366
312
305
372
432
473
491
515
572
585
580
400
412
401
398
401
428
459
499
519
555
572
542
385
421
431
423
427
431
451
484
510
531
547
549
384
418
444
425
396
400
417
445
479
523
559
544
609
535
367
282
321
471
544
496
362
259
263
491
540
478
308
99
176
369
548
486
419
425
470
560
400
362
278
57
36
355
541
392
401
510
556
608
232
138
334
249
170
370
542
399
400
526
615
622
0
0
258
397
357
420
525
500
485
540
596
625
142
0
168
378
391
386
483
551
562
570
579
601
209
89
148
317
370
372
473
546
575
599
608
599
239
153
154
293
347
394
489
540
571
609
636
637
344
238
248
293
406
484
509
529
569
603
606
604
445
352
287
297
410
463
483
518
538
589
605
584
456
404
359
358
419
473
497
519
534
584
597
582
432
430
425
423
426
454
480
516
534
568
587
557
421
445
452
448
450
454
473
507
527
558
581
568
399
444
471
461
420
419
438
468
494
552
585
573
608
546
415
378
396
532
618
534
440
342
303
553
554
493
322
209
265
473
624
569
519
505
523
632
406
393
321
191
198
424
635
506
516
592
630
691
219
128
356
330
257
399
606
539
504
580
663
682
0
0
289
448
451
488
578
579
560
594
641
663
155
0
174
421
482
485
548
594
599
596
607
622
264
136
201
365
450
459
521
579
603
608
617
616
294
225
235
340
450
469
540
573
598
620
648
645
373
306
311
353
462
518
537
558
598
611
611
619
462
394
348
370
455
500
511
536
565
597
604
589
481
420
400
403
453
508
516
540
551
587
599
586
465
457
447
445
451
478
500
528
550
576
590
571
448
448
466
453
453
472
490
515
529
562
575
571
415
457
483
481
446
435
456
479
498
564
593
581
598
561
475
459
509
602
651
584
537
452
446
625
571
517
427
346
376
574
664
619
596
575
593
693
438
411
421
339
353
540
677
611
611
641
675
731
228
129
366
430
419
519
653
605
593
644
682
736
0
0
302
520
547
551
617
637
620
632
681
693
143
0
192
472
550
542
595
632
636
632
638
649
270
180
259
433
494
533
582
613
626
599
611
634
381
285
314
427
482
545
572
604
614
624
636
635
434
374
373
422
511
551
562
586
598
614
624
634
480
425
404
415
472
551
551
540
581
597
601
604
496
449
433
442
485
543
543
552
562
579
589
588
493
473
460
463
480
499
517
536
555
572
582
584
470
451
478
451
455
483
511
516
533
564
559
552
428
465
481
479
458
446
478
488
498
557
589
578