7
20
30
39
52
60
47
10
-13
-6
-6
-29
-9
13
15
26
36
30
30
59
26
-14
-4
8
5
-9
-6
17
15
25
30
19
0
0
-37
-55
-14
29
26
7
-6
-14
10
19
16
2
0
0
-59
-70
-32
11
-4
-26
-37
-47
6
12
5
-8
-11
-11
-41
-57
-50
-45
-76
-75
-77
-78
0
0
0
8
13
6
-16
-49
-71
-89
-108
-109
-103
-96
0
0
1
33
45
42
11
-37
-64
-87
-99
-104
-101
-96
0
0
26
40
47
41
12
-24
-45
-61
-72
-79
-86
-83
25
3
23
34
11
-16
-23
-21
-26
-37
-48
-53
-60
-62
19
0
0
19
-10
-38
-33
-24
-20
-26
-33
-41
-46
-47
5
-19
1
25
-3
-30
-30
-26
-23
-22
-25
-29
-32
-31
-10
-30
-20
-15
-31
-46
-39
-32
-24
-21
-20
-21
-17
-21
-42
-52
-64
-61
-68
-64
-56
-41
-29
-19
-13
-10
-4
-34
-40
-49
-58
-63
-67
-64
-57
-43
-28
-19
-10
-2
4
-43
-39
-41
-47
-52
-53
-53
-50
-41
-29
-19
-10
0
7
-50
-38
-36
-37
-42
-42
-46
-44
-41
-32
-23
-13
-4
2
-46
-37
-33
-32
-37
-38
-42
-42
-40
-34
-26
-19
-12
-7
-30
-28
-26
-23
-25
-26
-32
-34
-29
-28
-23
-21
-14
-11
13
30
45
55
72
38
-8
-5
-14
-41
-23
17
18
35
42
20
30
-14
-35
23
22
-10
-24
-8
13
27
21
0
0
-67
-62
3
-1
-36
-48
-51
7
10
2
-22
-25
-53
-68
-65
-97
-91
-94
-85
0
0
13
22
19
-8
-54
-91
-113
-118
-105
-95
17
0
32
48
51
15
-34
-64
-80
-93
-86
-81
48
3
32
24
-10
-27
-32
-39
-47
-58
-63
-63
24
0
7
1
-35
-41
-34
-27
-30
-41
-44
-44
-1
-39
-18
-11
-40
-47
-39
-28
-23
-26
-27
-21
-14
-47
-59
-58
-65
-59
-50
-36
-20
-16
-9
-6
-36
-46
-61
-66
-66
-61
-48
-36
-20
-10
0
9
-51
-43
-44
-50
-51
-45
-40
-32
-19
-10
1
8
-51
-40
-35
-38
-39
-39
-40
-33
-24
-15
-6
2
-30
-27
-25
-23
-23
-29
-29
-23
-20
-16
-8
-5
18
34
57
75
81
38
0
-15
-29
-66
-46
0
24
43
53
47
52
-4
-24
19
6
-33
-43
-22
23
39
34
-11
-2
-68
-56
-2
-11
-42
-56
-57
14
18
3
-45
-57
-64
-72
-69
-91
-87
-94
-86
0
0
6
7
-3
-17
-61
-96
-117
-118
-105
-95
16
0
30
46
41
11
-37
-72
-83
-93
-82
-77
64
41
38
24
-6
-25
-38
-47
-50
-57
-62
-60
23
-18
-1
-4
-39
-48
-42
-36
-32
-39
-43
-42
-9
-50
-34
-24
-48
-55
-41
-29
-24
-25
-24
-20
-19
-51
-61
-56
-60
-56
-47
-33
-20
-14
-8
-6
-33
-46
-63
-67
-63
-54
-44
-33
-18
-10
1
7
-52
-47
-47
-51
-52
-42
-36
-27
-16
-10
1
8
-48
-38
-37
-36
-37
-35
-34
-27
-20
-13
-3
2
-28
-26
-25
-21
-20
-24
-21
-17
-15
-12
-6
-2
22
39
66
90
84
38
-6
-22
-48
-82
-62
-14
31
48
62
69
64
4
-14
8
-8
-50
-58
-29
34
54
44
-6
-11
-59
-50
-9
-19
-47
-61
-58
20
25
5
-49
-71
-72
-70
-69
-87
-88
-91
-84
0
0
-1
-8
-18
-28
-62
-96
-107
-112
-99
-90
14
0
22
35
26
0
-40
-72
-85
-89
-79
-74
62
38
36
22
-6
-27
-39
-46
-53
-55
-59
-57
21
-16
-6
-10
-42
-48
-45
-37
-34
-37
-41
-40
-15
-57
-44
-33
-49
-53
-41
-30
-25
-23
-21
-20
-25
-54
-61
-56
-56
-53
-44
-30
-20
-13
-8
-5
-35
-47
-62
-67
-58
-49
-39
-30
-17
-9
1
6
-48
-47
-50
-51
-49
-39
-32
-24
-14
-8
2
8
-44
-35
-36
-33
-33
-30
-25
-19
-15
-9
-1
2
-26
-25
-24
-21
-18
-16
-13
-10
-10
-8
-3
0
24
45
73
96
87
35
-6
-29
-56
-87
-70
-34
44
59
72
74
63
7
-7
-3
-26
-59
-67
-42
47
65
54
4
-14
-47
-41
-16
-29
-49
-64
-58
32
41
8
-49
-72
-68
-66
-65
-78
-83
-85
-80
0
0
-7
-20
-31
-38
-63
-87
-95
-102
-90
-83
4
0
11
18
10
-9
-43
-69
-85
-82
-76
-70
56
23
22
11
-11
-25
-41
-48
-55
-50
-53
-53
20
-15
-11
-16
-37
-46
-44
-38
-34
-35
-36
-36
-18
-53
-49
-39
-48
-50
-40
-32
-24
-21
-20
-19
-28
-53
-58
-51
-50
-48
-38
-27
-19
-11
-8
-5
-33
-47
-59
-59
-52
-43
-34
-24
-15
-7
-1
4
-43
-45
-49
-50
-45
-35
-27
-20
-12
-4
2
8
-38
-32
-34
-30
-27
-21
-15
-13
-9
-4
1
3
-23
-22
-21
-19
-15
-8
-4
-3
-5
-5
0
1