-35
-30
-23
-17
-21
-18
22
51
60
45
8
-18
-42
-45
-57
-40
-24
-3
16
17
5
13
31
42
30
18
-22
-67
-75
-60
-38
-4
64
100
51
13
3
17
16
21
8
-43
-82
-66
-66
-31
62
150
158
90
32
3
7
27
38
28
-75
-85
-93
-76
8
131
189
118
47
5
2
33
64
69
-66
-86
-92
-66
0
0
86
42
-5
-19
5
38
87
99
-55
-65
-46
34
0
0
-103
-124
-107
-63
1
59
103
118
-49
-5
-27
0
104
-51
-190
-224
-183
-113
-22
63
117
147
-47
50
110
0
0
-144
-230
-244
-201
-122
-15
77
139
0
0
64
36
-133
-228
-244
-210
-163
-100
-21
73
133
153
57
0
-22
-60
-188
-234
-147
-105
-59
0
13
70
91
51
2
-64
-116
-182
-181
-144
-96
-24
15
0
-13
-24
23
22
-15
-76
-125
-144
-143
-121
-77
18
73
38
-34
-41
-4
19
-20
-70
-96
-100
-99
-115
-83
-3
69
60
2
-23
10
29
-19
-44
-59
-57
-76
-92
-76
-9
50
63
22
7
36
33
4
-15
-22
-22
-34
-42
-14
0
0
-7
-24
0
48
26
11
8
11
15
13
20
27
0
-6
-102
-71
-13
45
14
11
15
29
52
59
46
27
31
-52
-131
-64
46
50
-2
-3
15
40
73
102
96
38
8
-43
-63
0
0
52
-20
-19
-6
27
80
137
168
105
48
15
10
0
0
-44
-31
-28
-24
4
67
135
167
148
113
92
98
41
-38
-87
-34
-39
-24
-14
4
38
56
22
-31
-71
-79
-47
-57
-44
-24
-2
-2
22
45
46
22
-21
-54
-88
-91
-66
-41
21
75
47
29
27
15
11
-29
-81
-102
-92
-80
1
136
165
96
29
13
23
27
14
-87
-109
-109
-56
93
185
111
20
13
40
71
60
-77
-94
-66
0
0
-15
-37
-48
3
58
111
90
-47
-24
-25
148
0
-188
-223
-150
-32
81
128
132
-32
27
0
0
-121
-238
-249
-175
-41
76
153
173
0
0
60
-72
-228
-239
-193
-116
-34
45
113
144
70
9
-34
-132
-214
-187
-114
-48
0
0
34
71
49
6
-72
-134
-166
-144
-73
38
21
-16
-23
31
46
-14
-73
-104
-117
-122
-67
38
63
7
-11
41
53
-4
-41
-55
-67
-73
-32
0
49
14
13
68
45
16
0
-6
-4
1
49
0
-48
-49
17
86
29
14
23
41
58
57
55
-6
-113
-62
47
73
3
9
25
67
113
110
52
-5
-58
0
0
24
-15
-12
7
68
158
184
126
58
42
0
-8
-56
-25
-34
-24
-7
15
39
43
6
-47
-90
-107
-78
-64
-52
-29
-2
13
36
53
46
8
-38
-71
-102
-101
-81
-50
16
69
72
56
40
24
3
-38
-74
-119
-115
-94
-10
120
165
122
49
33
17
17
0
-106
-126
-119
-51
81
175
118
34
25
51
62
48
-86
-100
-58
0
0
-28
-48
-53
10
62
105
86
-48
-36
-34
134
0
-171
-204
-140
-26
78
131
137
-6
9
0
0
-123
-245
-259
-181
-56
66
145
169
21
52
81
-59
-209
-241
-205
-120
-43
33
108
147
60
38
-3
-119
-209
-196
-126
-49
-5
13
41
76
65
19
-58
-119
-165
-154
-77
14
17
4
-3
39
60
1
-62
-99
-123
-123
-55
28
52
16
2
51
63
8
-37
-55
-68
-60
-19
-5
27
11
21
70
52
22
4
-4
1
21
44
-6
-42
-48
10
74
36
18
28
49
65
73
63
-8
-95
-57
40
82
10
16
37
76
122
126
70
0
-45
-3
13
30
-6
1
21
88
163
193
142
73
40
-6
7
-34
-22
-29
-22
0
24
41
32
-10
-67
-99
-124
-103
-67
-57
-32
-1
24
48
59
43
-3
-49
-84
-108
-109
-91
-57
10
74
91
83
50
28
-1
-43
-76
-130
-125
-99
-23
107
171
137
67
41
18
12
-15
-126
-133
-117
-51
69
153
124
56
37
55
61
31
-93
-103
-58
0
0
-13
-26
-39
16
61
94
80
-43
-45
-28
133
0
-162
-199
-141
-22
78
128
128
4
21
0
0
-111
-231
-250
-183
-54
59
137
160
40
85
125
-50
-200
-233
-207
-113
-42
31
106
145
60
67
24
-101
-198
-195
-132
-58
-14
20
56
83
68
28
-36
-109
-162
-153
-84
-3
12
11
11
51
66
11
-52
-98
-122
-117
-60
21
38
23
12
54
66
15
-26
-56
-70
-51
-14
-13
16
7
16
70
57
27
8
0
2
24
28
-14
-42
-47
9
74
43
26
32
47
69
80
65
-8
-78
-49
32
80
14
23
45
83
125
131
82
17
-32
-5
19
27
0
18
37
100
169
193
148
79
38
1
7
-15
-20
-29
-16
5
31
39
25
-24
-88
-108
-138
-122
-68
-59
-32
1
35
60
62
36
-14
-57
-94
-113
-111
-95
-63
8
75
100
92
64
19
-10
-49
-78
-133
-131
-101
-22
91
165
141
81
38
19
2
-31
-131
-135
-115
-49
53
138
125
75
43
54
49
14
-93
-97
-53
0
0
-8
-29
-27
21
63
83
70
-46
-45
-28
123
0
-139
-174
-128
-20
67
118
117
10
32
0
0
-93
-215
-243
-175
-57
56
133
150
55
113
139
-44
-179
-220
-201
-135
-49
31
104
139
72
95
50
-79
-170
-190
-145
-75
-28
23
67
95
71
39
-13
-94
-151
-153
-96
-24
4
19
31
61
72
23
-40
-84
-113
-114
-61
-1
23
26
22
60
67
23
-16
-52
-62
-47
-18
-15
5
5
19
69
62
33
12
7
4
26
21
-17
-45
-42
10
73
50
38
35
49
72
85
63
-2
-65
-40
20
67
17
28
49
96
121
132
86
32
-16
-4
21
23
3
22
57
109
170
194
152
91
50
15
12
-12