462
413
417
409
313
189
145
256
406
528
596
598
583
388
464
434
415
416
352
145
99
213
354
524
603
656
644
487
415
421
393
398
329
224
180
266
366
551
598
668
674
517
382
378
393
333
256
251
321
392
471
561
602
670
691
522
375
366
354
255
99
160
366
497
587
614
626
647
667
549
377
365
343
208
0
0
382
564
592
551
576
565
632
594
358
346
292
136
0
0
415
616
622
563
555
548
609
625
285
272
238
0
87
160
450
613
561
505
462
483
561
642
114
104
279
0
0
336
506
580
524
400
319
407
520
0
0
200
156
223
432
544
529
446
254
94
213
407
607
57
0
172
275
362
455
482
393
167
0
15
332
573
120
136
233
364
425
408
411
431
352
106
0
51
342
550
163
252
348
432
427
384
366
358
262
146
68
125
366
537
285
345
430
456
410
357
360
272
160
144
162
271
385
497
419
452
469
476
415
382
330
201
23
66
182
302
371
426
489
505
503
482
439
379
292
109
0
0
190
299
320
329
524
526
522
487
436
371
243
44
0
5
212
265
218
185
546
537
508
467
424
369
241
48
91
116
230
119
125
133
565
512
470
431
380
351
247
91
132
241
180
0
0
169
573
496
431
358
315
327
279
191
235
279
148
0
0
197
555
480
388
263
213
221
249
284
324
305
185
71
63
267
541
495
506
444
327
314
408
551
653
659
577
286
594
526
497
438
255
216
374
539
668
709
633
407
535
496
461
426
284
261
372
543
697
739
701
365
501
463
439
326
278
367
479
614
719
765
706
370
470
460
379
154
111
379
604
679
689
711
708
455
499
454
320
0
0
389
658
674
660
660
702
573
373
344
227
85
0
464
689
660
598
618
657
641
204
141
0
0
300
544
620
535
359
455
596
725
0
0
218
178
433
576
547
349
92
183
422
703
195
67
245
381
473
527
497
245
0
0
401
633
248
269
376
466
473
455
423
205
74
115
416
657
345
436
473
506
469
418
257
156
182
294
483
620
500
495
516
521
472
356
102
1
122
313
463
528
560
556
540
504
455
310
102
0
130
302
317
366
592
572
538
496
452
282
135
122
229
193
207
306
620
553
488
455
439
300
191
277
223
0
0
297
615
522
427
362
401
349
333
343
185
0
60
379
614
563
558
507
405
400
497
633
700
756
674
437
644
593
560
491
348
332
482
636
738
766
697
486
656
579
523
463
324
366
495
648
767
803
749
420
602
555
466
315
287
393
561
700
793
818
751
431
565
536
405
139
97
341
619
740
764
793
747
519
577
520
300
0
0
318
667
740
739
749
770
613
460
412
227
81
0
406
684
713
682
709
733
710
329
291
0
0
310
576
670
583
481
531
627
754
229
181
209
185
420
605
599
412
260
289
460
730
311
185
297
399
500
577
543
296
172
180
406
663
387
342
419
493
522
526
454
255
188
205
447
688
459
486
508
550
532
469
282
202
238
330
533
659
558
547
545
558
525
379
119
90
133
341
505
601
588
579
564
551
511
371
156
72
134
344
470
492
618
595
561
535
500
392
238
219
251
252
277
400
641
574
530
507
503
393
320
369
263
148
106
346
642
559
456
442
456
448
445
403
217
154
119
429
652
634
596
539
490
493
588
696
744
790
751
581
671
637
598
518
423
444
580
696
790
811
745
571
714
626
544
480
405
452
582
735
821
838
790
554
678
597
476
295
304
443
616
759
842
847
798
482
670
573
397
120
85
316
630
790
832
845
784
586
668
562
296
0
0
263
635
759
808
804
813
694
549
474
205
77
0
387
664
771
744
781
787
760
499
439
0
0
295
562
675
648
578
618
677
785
478
329
255
181
407
605
632
470
389
409
529
770
457
342
345
412
507
597
577
397
319
362
481
702
488
384
464
528
557
563
498
338
312
315
509
721
529
535
544
583
572
519
368
278
303
372
572
703
580
578
582
584
568
418
203
193
229
391
566
673
607
597
587
575
543
423
239
195
218
415
515
564
628
609
581
562
531
458
335
329
336
360
342
499
643
598
562
532
524
471
419
463
327
304
251
428
646
601
503
491
504
515
519
470
294
263
246
459
686
688
637
554
546
554
632
750
793
805
816
702
695
664
613
552
487
535
631
756
841
846
792
657
724
642
564
487
444
510
639
774
874
859
825
659
710
631
472
306
300
470
666
803
889
868
846
629
709
600
386
119
81
305
644
810
871
881
832
660
700
583
297
0
0
241
641
782
866
844
824
733
690
508
181
71
0
358
636
787
798
824
829
798
644
534
0
0
263
547
709
691
691
714
770
821
619
465
276
149
377
604
666
593
529
558
639
800
593
486
391
415
484
603
628
524
500
517
593
778
578
494
512
546
575
600
563
474
455
488
590
752
601
583
566
590
590
571
478
400
440
488
623
757
594
582
605
590
599
514
382
329
368
483
618
711
626
617
606
590
583
483
384
376
388
497
589
636
627
614
594
576
564
517
486
496
463
458
479
614
637
602
583
574
536
544
494
560
461
450
415
577
626
607
556
542
558
588
599
555
449
418
415
563