30
28
24
27
30
36
46
43
16
-11
-38
-63
-76
-73
28
17
8
8
9
3
-4
4
15
9
-10
-41
-66
-72
19
18
-2
-16
-29
-45
-61
-41
-6
8
10
-7
-34
-38
18
15
-4
-28
-43
-60
-75
-61
-36
-6
9
5
-10
-15
2
5
-8
-19
-19
-34
-56
-55
-45
-27
-9
6
0
-10
-8
-10
-9
-8
0
0
-27
-46
-49
-37
-18
0
-4
-12
11
8
6
3
0
0
-12
-39
-46
-36
-22
-16
-15
-19
29
36
29
0
2
-4
-4
-21
-23
-21
-21
-23
-27
-29
25
37
23
0
0
-17
-13
-8
-5
0
3
-17
-30
0
0
-5
-17
-15
-18
-12
-4
1
4
14
5
-14
-20
-2
0
-34
-34
-21
-5
3
2
4
0
2
-2
-2
-34
-48
-46
-38
-17
12
23
17
3
-6
0
-6
-1
9
-58
-59
-51
-36
-13
14
33
30
15
-4
-12
-10
5
17
-60
-56
-42
-29
-15
-7
11
19
19
14
3
6
20
28
-63
-50
-35
-24
-19
-22
-9
9
5
14
12
28
39
36
-56
-42
-27
-18
-16
-15
-1
23
0
0
21
42
51
45
-46
-31
-17
-5
0
4
11
0
0
2
34
52
56
51
-30
-17
-2
10
21
21
20
11
-12
-14
15
38
46
-3
-16
-4
10
27
38
33
19
-10
-31
-33
-8
0
0
-27
-2
10
21
34
46
45
26
-14
-35
-31
-10
0
0
-5
7
20
30
39
52
60
47
10
-13
-6
-6
-29
-9
13
16
24
22
29
38
48
25
-14
-41
-40
-56
-67
26
23
16
15
23
33
26
10
-22
-51
-81
-79
27
20
1
-17
-41
-67
-37
-11
-7
-19
-48
-33
23
19
-7
-33
-61
-81
-69
-37
-7
-8
-17
-22
5
7
-2
-11
-22
-51
-58
-44
-14
-1
-8
-20
26
19
8
0
0
-21
-44
-43
-24
-11
-12
-28
71
70
34
10
0
-2
-29
-24
-6
-9
-17
-29
72
84
0
0
-16
-14
-7
8
30
2
-14
-26
0
0
-26
-19
-18
-9
1
12
32
39
3
-13
-32
-44
-54
-33
0
16
12
1
0
0
-6
2
-67
-74
-62
-30
9
35
30
-2
-39
-28
-13
7
-74
-70
-47
-30
-9
15
32
29
-1
-5
15
25
-67
-54
-33
-26
-21
2
15
1
17
36
54
41
-54
-36
-21
-14
-6
9
8
0
21
61
72
51
-36
-21
-1
12
19
19
-7
-26
23
67
53
7
-16
2
16
39
39
21
-24
-41
-6
0
0
-31
2
20
36
57
63
33
-25
-42
-18
0
-13
-4
5
14
18
26
42
47
22
-9
-32
-43
-58
-64
23
21
16
13
21
30
26
5
-20
-44
-76
-71
31
23
4
-16
-43
-64
-38
-18
-15
-23
-43
-23
26
22
2
-22
-53
-76
-77
-44
-18
-10
-20
-30
17
17
9
-4
-16
-38
-59
-45
-16
-8
-12
-28
54
44
20
0
0
-18
-42
-36
-18
-8
-15
-34
108
100
45
13
0
-9
-25
-12
4
1
-13
-35
106
119
0
0
-18
-16
-5
13
42
33
4
-22
23
-6
-34
-22
-20
-11
2
23
60
63
17
-8
-70
-73
-67
-36
-4
13
12
6
6
-8
-9
-3
-88
-93
-73
-38
5
32
30
-2
-51
-44
-27
-1
-88
-79
-57
-35
-8
24
45
39
-2
-15
8
16
-74
-62
-38
-29
-16
12
24
42
34
39
51
45
-52
-36
-21
-14
-5
6
-16
-27
9
65
88
61
-33
-18
0
12
18
14
-16
-37
19
81
68
22
-12
6
21
39
40
18
-28
-42
3
21
22
-18
8
26
45
69
70
32
-25
-47
-29
-38
-21
-18
-5
6
14
25
38
41
24
-7
-28
-39
-55
-50
21
20
16
14
19
22
18
2
-19
-40
-67
-58
33
26
10
-11
-36
-52
-43
-21
-18
-21
-39
-26
30
27
9
-13
-43
-65
-73
-47
-19
-10
-19
-31
34
26
16
3
-6
-23
-54
-44
-17
-12
-15
-33
74
63
29
0
0
-16
-38
-30
-11
-5
-12
-39
143
120
47
12
0
-26
-26
-5
13
12
-8
-31
119
122
0
0
-20
-22
-7
22
51
44
17
-17
12
-10
-37
-25
-29
-17
2
32
65
61
27
-5
-83
-80
-74
-42
-11
5
9
6
8
-2
-7
-6
-99
-99
-79
-40
1
27
31
-3
-43
-47
-32
-8
-94
-85
-63
-34
-5
26
55
37
3
-21
2
11
-72
-63
-43
-30
-13
14
28
50
45
43
49
43
-48
-36
-22
-14
-6
1
-31
-36
4
68
84
59
-27
-15
1
9
14
7
-26
-49
10
81
72
38
-8
10
26
37
37
13
-28
-41
11
36
27
-9
14
32
50
73
68
29
-22
-44
-34
-41
-26
-24
-14
-1
11
23
33
35
18
-4
-22
-33
-45
-32
18
20
17
17
19
20
13
0
-18
-39
-54
-41
31
28
17
-4
-22
-29
-31
-25
-18
-19
-34
-20
34
31
18
5
-12
-45
-54
-37
-18
-11
-21
-26
41
36
24
15
15
-9
-42
-36
-18
-14
-18
-37
80
76
37
0
0
-23
-32
-22
-4
-2
-12
-39
142
124
53
13
0
-47
-24
0
24
21
-3
-28
114
108
0
0
-27
-28
-5
28
60
55
27
-11
3
-13
-40
-30
-37
-22
0
33
65
62
31
-1
-90
-84
-79
-51
-20
-4
7
8
10
0
-7
-11
-103
-100
-84
-44
-6
21
25
3
-30
-40
-34
-15
-98
-91
-66
-35
-7
28
52
42
7
-13
-5
6
-69
-61
-45
-28
-9
14
30
44
41
38
42
37
-41
-35
-23
-14
-8
-4
-33
-37
6
60
80
56
-18
-11
2
8
9
0
-38
-53
0
72
78
42
-2
12
27
37
33
10
-27
-36
6
38
28
-2
16
35
56
73
63
26
-19
-35
-34
-38
-30
-21