22
27
15
5
-2
-6
-11
-12
-19
-18
-25
-37
-34
-56
-60
-68
-74
-66
34
39
26
11
-2
-13
-21
-31
-44
-52
-66
-79
-90
-105
-136
-155
-175
-165
25
33
28
12
-2
-18
-33
-48
-64
-81
-95
-110
-127
-152
-178
-215
-251
-257
19
26
25
12
-3
-23
-45
-64
-85
-104
-118
-131
-150
-173
-197
-241
-294
-340
13
18
18
6
-9
-29
-53
-75
-99
-118
-136
-146
-158
-168
-185
-221
-244
-236
6
10
9
-4
-18
-39
-62
-85
-111
-130
-144
-159
-161
-163
-163
-161
-145
-52
3
3
-4
-17
-31
-51
-73
-94
-116
-134
-151
-161
-164
-156
-133
-108
-86
-50
-1
-4
-11
-26
-41
-60
-76
-95
-115
-132
-151
-157
-154
-137
-107
-68
-59
-83
-4
-9
-18
-34
-50
-68
-82
-96
-113
-126
-137
-155
-148
-120
-72
-24
-18
-45
-6
-13
-25
-42
-58
-75
-86
-97
-102
-105
-114
-129
-121
-93
-39
18
36
24
-7
-19
-32
-50
-68
-81
-90
-88
-89
-79
-74
-77
-72
-39
-3
38
72
84
-10
-26
-42
-63
-78
-88
-90
-87
-74
-54
-36
-17
3
20
36
36
68
102
-14
-29
-49
-70
-86
-97
-90
-88
-62
-32
-2
32
63
69
64
49
51
74
-18
-29
-52
-73
-90
-103
-106
-85
-53
-13
20
57
88
105
93
72
49
61
-14
-33
-51
-75
-96
-111
-112
-76
-42
-1
31
53
78
104
104
89
70
63
-12
-28
-46
-73
-96
-109
-112
-87
-36
13
47
55
61
67
73
74
63
46
21
24
14
4
-2
-5
-11
-13
-18
-19
-24
-29
-35
-53
-55
-64
-68
-69
35
37
25
11
-3
-12
-21
-31
-43
-48
-62
-75
-87
-102
-129
-148
-169
-171
25
31
26
11
-2
-18
-31
-46
-61
-78
-89
-101
-119
-145
-168
-200
-239
-249
17
24
22
10
-3
-22
-40
-59
-81
-96
-109
-122
-140
-163
-190
-226
-281
-311
11
16
16
5
-8
-26
-49
-70
-91
-109
-128
-136
-150
-158
-173
-214
-237
-232
6
9
7
-5
-16
-35
-56
-77
-100
-121
-133
-147
-149
-151
-152
-162
-150
-70
2
1
-6
-16
-30
-47
-67
-87
-105
-122
-138
-149
-156
-147
-122
-107
-90
-62
-1
-5
-12
-24
-39
-56
-70
-89
-104
-122
-141
-145
-145
-126
-99
-69
-62
-84
-4
-9
-16
-32
-45
-62
-76
-88
-103
-116
-126
-141
-137
-111
-73
-26
-20
-45
-6
-12
-23
-36
-52
-69
-80
-92
-96
-98
-104
-122
-106
-76
-35
7
29
17
-6
-18
-30
-44
-62
-72
-86
-82
-83
-75
-66
-71
-62
-29
0
31
62
71
-9
-23
-39
-58
-71
-79
-83
-82
-69
-49
-33
-19
4
20
36
47
71
90
-13
-27
-46
-65
-78
-89
-82
-80
-59
-31
-3
26
52
62
63
59
66
72
-15
-27
-48
-66
-82
-92
-98
-78
-48
-14
16
51
76
94
86
72
62
65
-14
-30
-46
-68
-89
-101
-102
-69
-40
-4
29
51
76
96
94
81
66
61
-11
-26
-43
-67
-89
-104
-104
-79
-33
9
43
57
64
72
72
64
55
43
19
25
15
5
-2
-6
-10
-13
-16
-17
-22
-25
-33
-42
-49
-64
-63
-70
31
34
24
9
-3
-12
-21
-29
-40
-46
-60
-67
-82
-97
-121
-141
-160
-156
23
30
23
10
-2
-17
-28
-43
-58
-74
-84
-92
-110
-135
-157
-188
-225
-227
16
22
19
8
-4
-21
-36
-54
-75
-87
-100
-111
-126
-149
-174
-208
-262
-296
9
14
13
3
-9
-23
-43
-64
-83
-100
-117
-124
-138
-141
-159
-192
-233
-244
5
7
5
-6
-16
-31
-50
-69
-88
-111
-122
-134
-136
-138
-140
-149
-154
-111
1
1
-6
-14
-27
-40
-58
-77
-92
-108
-125
-137
-139
-131
-112
-97
-93
-83
-2
-5
-12
-22
-35
-50
-61
-82
-92
-111
-126
-130
-131
-112
-90
-63
-55
-82
-3
-8
-15
-28
-41
-56
-70
-80
-92
-103
-114
-125
-123
-99
-63
-28
-21
-45
-4
-11
-20
-31
-47
-61
-72
-85
-88
-86
-92
-105
-95
-62
-32
3
19
8
-5
-16
-26
-38
-53
-64
-79
-74
-75
-65
-58
-62
-52
-24
0
28
52
57
-7
-20
-35
-52
-62
-70
-73
-74
-63
-45
-30
-12
2
18
33
47
65
77
-12
-25
-42
-57
-70
-79
-70
-71
-52
-29
-2
27
46
50
56
63
64
64
-13
-25
-45
-58
-72
-81
-85
-68
-44
-14
15
42
65
82
75
67
62
58
-14
-26
-41
-60
-78
-89
-86
-66
-37
-6
24
46
68
84
82
70
62
59
-10
-23
-39
-59
-79
-92
-89
-65
-26
6
37
56
63
68
64
55
45
38
22
22
13
4
-1
-5
-9
-12
-15
-17
-21
-25
-28
-37
-49
-61
-61
-64
28
31
22
8
-3
-11
-19
-27
-36
-44
-54
-60
-76
-91
-111
-133
-144
-138
20
28
20
9
-3
-14
-25
-38
-52
-66
-76
-80
-97
-118
-141
-168
-207
-201
13
20
15
6
-2
-18
-31
-45
-66
-77
-89
-97
-110
-127
-146
-179
-233
-262
8
12
9
1
-8
-21
-34
-54
-71
-87
-95
-107
-113
-123
-141
-164
-210
-230
5
6
3
-6
-15
-26
-40
-60
-73
-96
-105
-114
-116
-119
-120
-134
-143
-134
1
1
-5
-12
-22
-31
-46
-60
-77
-87
-112
-115
-112
-111
-97
-84
-85
-86
-2
-5
-10
-20
-30
-41
-52
-68
-77
-90
-104
-112
-110
-97
-78
-57
-49
-71
-3
-7
-13
-24
-35
-46
-64
-70
-76
-86
-98
-103
-108
-86
-53
-29
-21
-45
-4
-9
-17
-28
-42
-52
-62
-70
-71
-73
-73
-87
-84
-50
-26
-3
11
2
-5
-13
-21
-30
-41
-53
-65
-65
-64
-56
-50
-47
-42
-17
3
21
41
44
-7
-16
-29
-43
-49
-58
-62
-64
-53
-40
-24
-7
0
15
29
41
57
62
-10
-22
-36
-49
-58
-67
-57
-56
-42
-25
-2
20
33
42
48
55
57
59
-11
-23
-40
-50
-60
-69
-68
-56
-37
-14
12
31
53
64
64
60
56
53
-12
-23
-35
-49
-64
-73
-69
-54
-32
-7
18
38
56
70
68
58
54
51
-9
-18
-31
-45
-63
-74
-73
-55
-22
6
30
46
53
57
53
44
39
34