905
943
958
963
968
966
968
970
958
970
968
982
984
977
973
969
964
959
726
830
888
886
888
911
901
888
898
879
891
915
925
920
925
897
871
860
606
750
805
816
818
828
827
824
812
819
826
839
851
863
856
851
810
767
540
688
768
777
794
795
798
790
784
779
782
785
797
826
828
836
804
701
520
657
745
770
768
756
772
767
765
751
755
747
758
762
776
832
777
546
440
652
721
722
730
736
741
743
756
730
711
723
720
729
745
778
743
438
461
651
707
716
694
728
757
762
758
724
707
689
718
717
701
711
705
498
447
647
719
751
724
735
703
745
747
734
724
692
674
681
693
655
666
596
438
636
699
737
736
732
715
729
761
743
721
731
698
678
667
647
685
685
473
642
712
746
741
750
745
760
756
751
727
730
676
677
642
653
716
751
462
665
734
761
784
766
780
742
748
740
752
752
733
661
597
605
742
796
494
661
744
785
795
777
767
775
752
752
772
781
726
648
594
609
770
805
477
665
769
798
800
786
740
778
748
759
795
785
729
622
600
639
760
753
525
674
779
800
799
782
806
763
766
739
765
745
664
621
600
634
668
692
523
727
797
827
845
797
824
769
771
751
761
736
675
606
575
618
669
668
563
758
859
895
892
843
795
789
767
771
754
755
678
606
593
632
653
656
913
948
955
961
960
960
958
962
951
963
967
969
979
971
969
965
963
956
752
827
864
869
870
876
887
871
862
860
871
893
913
906
900
889
859
857
609
734
777
781
778
787
786
785
772
780
787
806
812
826
825
840
794
765
538
668
734
729
746
744
754
745
740
727
731
741
749
784
796
816
787
686
493
635
707
721
719
698
729
719
712
701
709
695
712
710
726
811
747
544
444
621
689
669
677
682
688
689
691
682
657
669
664
677
696
762
745
430
441
631
669
662
635
669
703
709
699
670
654
640
674
669
648
699
693
525
421
626
683
722
666
681
645
694
683
681
683
645
648
636
634
660
655
617
435
614
647
694
676
667
661
669
698
694
676
685
663
667
661
653
699
721
444
616
680
694
678
686
683
712
712
702
685
705
683
684
664
676
740
784
436
654
700
709
727
701
739
678
694
682
701
734
723
693
667
690
766
825
441
625
704
745
744
716
717
726
695
700
726
757
717
675
661
701
783
830
459
642
734
759
753
733
699
735
748
732
767
763
727
666
655
687
764
772
488
642
737
751
749
721
771
737
703
707
730
726
687
650
626
649
695
714
501
688
743
779
795
744
786
717
742
735
744
754
712
634
601
639
678
661
532
738
818
847
834
847
802
786
773
780
781
771
732
682
643
653
672
661
917
941
946
950
945
950
945
942
935
952
955
952
968
960
956
952
951
948
724
803
839
846
839
835
857
830
819
819
835
867
876
867
872
862
824
836
584
712
744
738
735
744
744
744
728
739
748
769
771
794
793
799
764
743
511
640
694
667
681
686
687
687
686
665
673
689
693
728
746
765
739
684
468
593
663
645
658
635
668
669
653
640
645
639
659
642
675
748
725
571
422
585
654
610
617
624
631
633
624
631
606
610
604
619
643
713
728
491
409
588
630
590
571
590
620
637
626
605
594
590
607
603
594
619
666
545
384
576
639
640
594
604
573
635
614
624
611
578
588
567
574
598
596
586
419
543
590
637
606
595
607
613
633
639
620
622
624
611
601
614
665
697
395
567
622
626
627
612
610
652
658
636
627
646
626
622
621
663
717
755
380
599
646
630
641
627
674
609
636
625
626
670
675
669
668
690
748
784
387
581
662
694
665
650
649
671
635
645
669
686
654
641
660
696
738
777
427
594
696
697
692
677
621
676
658
657
693
704
678
637
629
687
720
719
429
600
697
663
673
656
700
667
658
620
663
643
629
627
593
610
658
663
501
640
681
710
708
687
701
668
700
693
697
690
657
602
576
601
634
654
489
672
758
763
752
759
749
698
733
734
743
744
709
654
611
635
612
639
909
909
936
939
937
934
920
919
924
934
936
952
959
952
941
937
925
940
704
775
799
822
797
800
800
776
769
764
791
827
827
828
845
828
771
805
549
675
693
668
674
676
684
688
658
676
689
712
705
729
750
721
721
704
474
605
611
605
598
587
607
612
623
588
612
622
632
651
660
679
680
653
417
532
584
545
550
558
553
559
569
562
540
563
555
563
609
654
670
576
400
535
583
529
539
526
551
560
528
558
526
521
520
532
558
650
658
523
392
520
572
507
487
492
516
521
541
495
530
503
495
514
515
531
599
523
379
506
553
543
508
511
499
536
530
515
502
503
502
486
497
534
535
550
396
487
533
546
514
493
544
534
534
542
545
522
549
531
517
564
612
659
366
504
548
560
571
520
525
544
542
559
531
551
570
537
553
589
644
672
360
513
544
512
527
522
560
533
557
540
526
566
576
585
608
624
670
707
365
502
570
605
533
549
562
588
538
570
575
591
565
594
617
630
673
685
370
526
604
615
576
593
515
551
541
556
588
571
565
576
574
595
619
642
383
552
614
568
565
581
594
554
575
531
560
542
546
549
539
544
585
594
439
580
596
592
588
589
588
575
609
611
622
573
562
533
521
526
566
571
461
565
634
605
615
614
626
615
667
655
676
644
610
583
552
550
529
574