8
7
7
9
6
1
10
0
4
3
5
15
14
13
12
20
26
33
14
17
17
15
13
9
11
11
9
13
9
12
15
20
27
37
48
63
18
25
28
18
20
16
15
16
15
13
12
11
19
23
29
31
40
60
24
25
26
13
11
5
2
4
6
1
-1
2
0
3
8
11
20
42
21
27
26
14
10
6
3
4
5
3
4
3
2
-2
1
-4
-4
1
17
24
24
15
9
3
3
4
6
8
9
10
8
4
-2
-6
-13
-19
18
23
21
15
9
8
7
8
11
15
19
22
26
23
19
7
1
-9
16
21
20
18
13
12
10
12
16
21
28
34
39
47
43
33
33
43
12
16
18
18
17
17
15
17
21
27
33
49
58
73
76
68
55
56
8
10
13
17
19
23
24
25
29
34
40
52
68
98
108
104
68
44
3
7
11
16
22
27
31
31
36
38
40
47
58
79
99
88
69
25
3
7
9
18
23
32
35
43
45
47
46
45
34
25
6
8
34
21
4
5
8
15
22
33
39
54
57
57
55
44
20
-23
-53
-49
-17
7
3
3
6
12
19
34
53
65
77
70
65
51
20
-16
-48
-54
-42
-26
1
2
4
10
19
34
57
77
89
87
80
67
58
40
13
-14
-34
-46
-1
0
3
10
19
31
53
79
99
99
86
78
71
66
51
16
-18
-43
0
-2
-3
-2
-4
-5
-5
-5
-4
-3
0
2
3
4
5
9
14
19
3
2
5
-2
-3
-2
-4
-3
0
-2
-6
-1
1
5
15
18
28
43
7
14
17
5
10
4
5
7
5
5
4
2
9
10
17
14
26
47
14
14
17
5
3
-1
-3
-2
0
-4
-6
-5
-6
-6
-1
2
11
37
14
16
20
7
6
2
-1
1
1
-1
1
0
-2
-6
-2
-7
-8
1
13
19
20
11
6
2
1
2
4
6
8
8
6
3
-2
-6
-18
-32
13
18
16
12
6
5
5
6
8
12
15
20
22
19
17
7
-5
-26
12
16
17
15
11
10
7
10
13
18
25
30
36
41
37
32
28
22
10
13
15
15
15
13
12
14
17
22
29
43
53
67
69
59
48
45
5
8
11
13
14
19
19
21
23
29
33
46
58
82
95
81
55
34
2
5
9
12
18
21
25
24
30
31
31
39
47
61
74
68
50
15
3
6
8
15
19
26
28
37
38
41
38
36
24
17
7
8
21
5
5
6
7
12
17
27
32
46
52
51
47
37
16
-14
-35
-37
-19
-11
3
4
5
8
15
28
46
58
66
62
57
44
23
-5
-35
-46
-35
-24
1
2
3
8
16
29
49
66
80
78
71
63
51
33
8
-13
-26
-38
-2
-1
3
9
18
33
50
75
88
90
81
69
59
52
37
10
-16
-31
-6
-12
-12
-11
-12
-13
-14
-14
-11
-8
-5
-6
-4
-3
-4
0
3
7
-6
-8
-8
-10
-11
-13
-13
-11
-10
-8
-11
-9
-8
-3
1
6
17
23
-1
3
3
-4
-2
-9
-5
-3
-5
-5
-6
-8
-4
-3
3
3
15
35
6
7
9
-1
-3
-7
-6
-6
-4
-7
-10
-10
-10
-11
-6
-3
4
33
8
10
12
2
0
-1
-4
-4
-3
-2
-3
-4
-7
-9
-7
-13
-13
6
9
13
14
7
3
0
0
0
2
4
6
5
3
1
-3
-9
-22
-40
9
15
12
9
4
4
3
4
5
8
13
16
18
16
14
4
-11
-33
8
13
13
11
8
7
6
7
9
14
21
24
32
35
30
27
22
6
6
9
12
12
11
10
9
10
12
17
24
35
48
54
54
45
38
35
3
6
8
10
12
14
14
16
17
21
25
37
49
61
70
61
39
24
1
4
6
9
13
16
20
19
23
23
25
29
37
50
60
52
32
8
3
5
7
12
14
19
21
30
30
33
29
25
17
14
10
11
14
-4
5
5
6
9
14
21
23
37
41
41
37
27
10
-10
-23
-27
-14
-12
3
4
4
6
11
21
35
46
55
51
46
33
20
-7
-27
-34
-27
-17
1
1
2
6
13
23
39
54
68
67
60
51
40
24
4
-13
-20
-29
-2
-1
2
7
15
27
42
59
77
76
68
59
48
40
27
5
-12
-23
-13
-15
-15
-16
-15
-12
-18
-14
-15
-15
-11
-6
-7
-6
-9
-6
-5
0
-13
-14
-14
-16
-16
-19
-19
-15
-16
-13
-15
-15
-17
-10
-9
-3
7
5
-6
-4
-5
-8
-11
-12
-12
-11
-10
-10
-12
-14
-11
-9
-8
-2
7
22
-1
2
2
-6
-7
-9
-9
-7
-7
-9
-12
-13
-12
-13
-10
-7
-1
24
4
6
5
-1
-2
-5
-4
-4
-4
-3
-5
-7
-7
-9
-11
-14
-12
4
6
8
9
4
0
-1
-1
-1
0
3
4
3
2
-1
-3
-10
-22
-35
7
11
10
7
3
2
2
2
3
5
10
12
12
13
9
1
-11
-40
6
9
9
8
5
5
4
5
6
10
15
20
25
26
25
23
13
-5
4
6
8
9
8
6
7
7
9
12
18
26
36
41
39
35
29
26
2
4
6
8
10
9
10
11
13
15
17
27
40
43
47
39
26
14
1
2
4
6
8
11
14
15
17
16
18
19
26
34
39
32
18
0
3
5
6
8
9
13
14
22
21
24
20
15
12
12
11
9
4
-9
4
5
5
7
10
14
16
24
29
31
25
16
7
-6
-13
-15
-12
-14
2
3
3
3
6
14
24
32
43
39
33
23
14
-3
-16
-21
-21
-17
0
0
1
4
9
17
28
41
53
53
48
37
27
15
1
-9
-15
-20
-3
-2
1
5
11
19
31
43
58
61
55
43
34
26
15
3
-7
-16