-10
-21
-36
-58
-81
-97
-93
-72
-24
27
61
64
57
40
35
29
14
2
-6
-16
-25
-36
-45
-53
-40
-21
0
24
45
55
37
9
-6
-21
-42
-65
-3
-8
-12
-9
-8
4
13
25
26
17
25
33
16
-33
-57
-85
-98
-107
-3
-3
0
10
27
54
59
69
51
22
-6
-12
-28
-74
-107
-125
-133
-135
-2
2
11
28
47
70
83
95
74
29
-18
-43
-69
-108
-142
-154
-142
-129
-1
3
16
41
62
88
98
88
60
29
-15
-55
-88
-126
-158
-160
-135
-102
4
10
21
45
68
95
97
81
49
17
-15
-52
-84
-114
-141
-138
-97
-55
9
19
28
45
66
86
83
71
41
14
-9
-26
-45
-67
-72
-63
-43
-9
10
17
24
31
47
55
55
45
30
21
12
18
13
6
12
10
8
11
8
13
18
20
22
26
26
20
14
18
30
49
73
88
95
77
44
42
2
5
8
3
-2
-8
-10
-14
-4
16
43
79
129
155
157
128
95
74
-1
1
2
-7
-17
-32
-46
-50
-39
-3
41
94
150
177
180
159
135
108
-2
-2
-3
-13
-31
-51
-68
-83
-71
-34
29
104
159
199
199
176
139
110
0
-2
-6
-16
-31
-55
-80
-102
-116
-92
-5
103
184
217
213
168
129
88
0
-1
-4
-12
-28
-48
-68
-97
-133
-147
-63
90
193
212
182
139
95
62
0
0
-2
-9
-19
-38
-52
-63
-92
-108
-55
65
127
131
108
75
58
35
1
2
1
-1
-7
-15
-21
-18
-7
5
0
0
-25
-6
16
11
3
-1
-11
-19
-33
-53
-76
-86
-82
-63
-18
22
53
64
54
42
36
26
11
-1
-5
-14
-22
-33
-38
-49
-35
-18
1
23
44
51
34
9
-6
-20
-36
-60
-3
-7
-11
-9
-6
4
6
19
25
21
30
29
2
-33
-53
-75
-92
-102
-2
-2
0
11
28
55
54
56
48
24
0
-11
-34
-73
-101
-122
-128
-130
-2
2
10
26
44
68
80
91
66
28
-10
-40
-65
-106
-140
-147
-135
-121
0
4
16
37
57
83
93
84
58
27
-17
-51
-85
-123
-149
-150
-129
-101
4
11
20
42
64
85
89
77
48
18
-14
-47
-81
-111
-131
-123
-93
-53
9
17
27
40
61
78
73
62
38
15
-5
-24
-43
-61
-65
-60
-42
-9
10
16
23
30
45
51
50
41
27
21
13
19
14
8
11
6
6
22
7
12
16
19
21
24
24
16
13
15
31
49
71
82
86
68
49
48
2
5
8
3
-2
-7
-9
-14
-5
13
37
72
120
143
144
118
94
76
-1
1
2
-5
-16
-31
-41
-46
-36
-8
37
88
141
166
167
146
123
99
-2
-3
-3
-13
-29
-47
-64
-77
-68
-42
22
94
146
187
185
166
131
103
0
-2
-6
-15
-27
-48
-73
-96
-116
-89
-7
99
174
200
198
151
119
82
0
-1
-4
-12
-26
-46
-65
-94
-133
-144
-57
80
181
197
174
132
86
57
0
0
-2
-7
-18
-35
-51
-66
-94
-105
-42
45
112
125
97
67
52
34
2
1
0
-2
-7
-14
-20
-21
-8
2
0
0
-20
-4
13
13
2
-1
-9
-16
-29
-45
-64
-76
-67
-53
-15
20
48
58
52
42
35
24
10
-6
-4
-11
-19
-29
-34
-44
-31
-15
1
23
42
46
29
8
-4
-17
-35
-53
-2
-6
-9
-9
-5
4
5
13
22
24
30
26
-3
-29
-45
-67
-79
-93
-1
-1
1
11
27
46
45
42
40
24
9
-7
-34
-70
-89
-104
-115
-118
-3
1
10
25
40
65
72
75
54
24
-7
-35
-62
-99
-124
-134
-124
-112
-1
3
15
32
51
77
83
75
53
24
-15
-45
-74
-112
-140
-139
-117
-95
3
9
19
37
58
73
82
70
44
18
-12
-40
-68
-100
-119
-114
-85
-48
7
15
25
36
57
68
61
50
35
17
-2
-21
-38
-53
-60
-56
-39
-6
10
15
21
29
41
47
44
36
23
17
13
20
10
8
4
2
4
27
7
11
14
16
19
21
20
13
11
14
24
41
65
74
73
58
43
49
2
6
7
3
-2
-5
-8
-12
-6
8
31
64
110
125
123
108
87
69
-1
0
2
-5
-16
-28
-36
-40
-33
-10
32
81
125
155
153
128
109
88
-2
-3
-4
-12
-25
-43
-58
-70
-61
-38
17
82
134
170
171
149
118
92
0
-3
-7
-13
-24
-42
-65
-86
-107
-76
-1
91
155
177
173
136
107
75
1
-1
-4
-10
-22
-39
-60
-90
-126
-133
-44
74
164
187
153
117
82
52
1
0
-2
-6
-16
-29
-44
-65
-85
-94
-26
34
98
118
95
56
42
31
2
1
0
-2
-6
-14
-18
-15
-5
3
0
0
-5
0
11
12
1
-1
-6
-13
-23
-38
-49
-63
-55
-38
-12
16
41
49
44
35
30
19
7
-6
-3
-9
-15
-24
-28
-37
-27
-12
0
20
39
39
26
8
-2
-11
-31
-47
-2
-4
-8
-7
-2
6
3
11
18
22
28
20
-3
-26
-38
-52
-65
-82
-1
0
1
8
23
36
35
34
33
24
11
-5
-29
-56
-75
-88
-96
-101
-3
1
10
22
37
55
61
57
43
22
-5
-28
-55
-87
-106
-111
-113
-100
-2
3
13
27
41
63
73
64
45
18
-11
-36
-59
-97
-123
-123
-104
-82
2
7
16
32
48
62
68
60
37
17
-10
-33
-53
-83
-101
-96
-68
-42
6
12
20
33
47
57
50
38
28
16
2
-15
-31
-44
-51
-48
-36
-3
7
12
18
21
35
40
35
27
19
14
11
17
7
8
-2
0
5
29
6
10
11
12
14
16
17
12
9
10
19
36
56
62
61
52
36
47
2
5
6
3
-2
-4
-7
-8
-6
4
25
53
90
103
98
95
72
60
-1
1
2
-5
-13
-23
-31
-32
-27
-10
25
66
102
135
131
103
96
75
-2
-3
-4
-8
-19
-31
-46
-59
-53
-31
13
70
111
146
149
122
98
77
0
-3
-7
-11
-19
-34
-55
-77
-91
-65
-1
81
129
148
144
115
88
65
1
-1
-4
-8
-15
-31
-51
-76
-110
-106
-32
70
137
150
125
91
66
46
1
0
-2
-4
-12
-25
-36
-60
-73
-77
-20
38
95
100
80
50
33
27
3
2
-1
-2
-6
-13
-16
-10
-3
8
8
19
14
9
11
10
3
-1