567
761
839
886
915
888
840
793
745
753
769
808
713
619
598
633
690
718
553
766
834
863
909
880
840
735
709
706
740
831
691
622
587
640
690
725
534
754
857
887
910
897
847
752
709
702
772
873
789
620
605
671
701
737
534
765
858
882
928
910
828
783
706
745
770
792
721
694
649
690
728
752
497
773
859
878
911
875
792
752
722
756
788
794
745
681
647
694
724
728
564
781
838
863
871
895
775
699
703
744
781
784
746
696
661
666
691
752
611
784
818
846
827
862
772
723
718
752
735
753
737
732
680
680
720
771
560
763
813
812
809
804
755
744
703
736
710
728
755
730
677
633
645
733
539
715
791
785
834
786
721
721
706
707
685
715
727
719
693
620
656
723
523
691
787
800
802
741
741
694
640
650
666
681
700
703
660
629
673
697
483
680
787
774
739
719
700
703
634
610
608
623
680
671
659
659
686
675
523
701
780
774
789
734
729
705
659
618
593
586
624
631
626
639
659
660
495
680
769
790
819
786
735
700
665
605
547
549
556
615
628
642
613
623
482
681
763
769
768
747
788
739
654
558
479
483
549
624
666
639
612
596
490
691
761
789
827
811
811
774
682
503
319
316
449
617
701
696
644
616
476
677
774
807
840
831
835
808
693
442
83
79
322
597
704
704
670
654
430
687
770
799
853
813
844
831
700
403
0
0
328
607
767
739
701
673
590
736
780
832
863
822
823
812
784
798
809
822
756
705
668
666
695
705
525
718
771
804
808
827
845
799
791
799
823
852
768
689
656
678
705
696
535
732
799
833
853
882
848
808
780
792
836
864
811
708
665
695
707
714
507
740
795
825
882
884
821
801
781
794
825
810
765
722
675
705
733
728
535
730
800
825
834
833
803
787
775
784
810
828
725
698
681
693
720
701
536
756
780
812
821
840
776
708
715
769
765
762
768
708
688
702
731
759
585
757
763
797
782
814
747
724
727
762
736
728
757
760
716
719
761
832
560
709
776
768
765
764
729
723
667
701
691
712
739
733
730
719
746
826
559
690
738
741
800
734
703
699
635
698
660
702
717
717
708
710
754
805
508
661
739
762
763
696
720
666
608
636
652
666
692
690
671
683
732
765
420
648
749
734
689
678
666
661
609
574
571
591
645
652
653
670
691
711
484
683
740
732
749
696
701
670
647
588
594
554
597
604
584
613
626
638
454
664
723
756
795
754
699
678
648
589
545
514
522
582
589
615
598
604
474
658
719
718
721
703
762
738
697
574
488
497
540
597
635
591
574
563
442
659
703
736
773
815
795
750
698
512
355
328
454
615
674
664
611
575
427
640
723
751
790
842
831
787
710
437
77
62
315
604
689
673
640
625
437
640
716
733
780
771
846
811
701
401
0
0
314
620
760
700
669
644
534
656
719
758
763
755
742
784
768
803
807
770
731
700
649
649
638
655
462
660
702
738
740
770
762
764
801
819
808
808
732
682
639
640
649
629
473
668
733
757
791
802
788
775
782
794
806
801
769
691
646
664
644
663
439
661
728
739
801
793
754
762
743
770
800
762
715
694
650
660
673
679
498
678
737
765
733
787
726
721
711
747
755
762
658
679
638
658
681
672
470
674
722
739
743
779
707
651
699
689
709
707
679
662
661
677
707
745
513
672
705
732
714
723
724
700
681
678
645
695
667
725
690
713
756
816
518
646
732
704
716
721
685
657
626
643
656
695
706
698
700
732
764
840
522
630
682
692
725
682
629
651
574
626
624
673
665
676
680
739
771
813
475
608
686
705
692
647
662
619
571
577
583
622
621
649
633
669
742
745
409
615
707
689
639
633
625
608
583
535
533
556
602
593
591
631
647
652
427
614
694
677
691
654
636
617
578
520
518
520
543
566
548
554
575
593
408
606
674
714
715
705
658
631
582
529
472
477
495
538
552
564
553
561
441
606
671
664
667
654
703
676
650
530
465
463
496
542
565
548
537
526
457
602
642
666
691
706
724
689
671
509
383
353
453
586
609
610
578
534
408
583
663
684
721
728
750
731
677
467
111
124
337
587
658
604
601
591
398
588
657
663
683
726
764
737
700
432
0
0
310
617
701
667
626
612
448
570
613
639
628
653
659
694
694
757
725
685
642
610
596
560
544
558
408
568
601
641
632
670
671
702
726
774
767
719
666
627
588
559
567
562
445
585
635
626
649
669
675
714
727
709
742
690
656
632
592
573
560
592
426
547
634
626
665
647
673
673
677
682
673
690
597
591
577
589
587
593
446
588
639
667
651
669
623
633
619
658
661
652
621
615
576
571
627
610
415
574
629
641
620
653
618
557
621
613
599
605
574
602
607
636
658
678
420
571
611
644
606
635
628
599
569
581
525
596
567
618
620
634
686
743
430
543
582
616
612
618
563
549
534
553
561
602
630
643
625
655
744
783
417
543
596
549
606
596
515
543
498
498
522
586
574
611
623
670
742
758
395
550
596
595
566
555
567
532
506
467
492
534
541
568
568
595
664
666
397
545
609
602
558
540
551
508
510
466
457
481
521
513
504
565
558
562
355
551
607
614
577
573
534
502
478
438
440
454
450
493
481
448
507
507
376
534
595
586
577
576
539
544
502
453
399
427
398
470
492
473
457
479
388
517
569
573
552
574
614
593
564
477
423
416
427
467
483
473
465
468
397
522
555
537
586
598
619
596
620
516
426
399
440
522
532
519
471
467
399
516
564
567
588
620
640
657
615
474
263
286
392
547
580
530
498
524
379
517
550
559
590
612
677
666
633
454
229
244
398
598
637
631
573
544