-2
0
4
10
19
30
50
78
101
105
82
62
48
34
24
4
-8
-16
0
3
6
12
18
23
32
48
60
52
39
27
2
-13
-12
-7
3
13
3
6
12
16
21
21
17
-2
-21
-23
-10
-11
-35
-53
-35
-8
9
22
6
10
16
18
22
25
13
-21
-63
-72
-59
-40
-44
-46
-27
2
19
31
7
14
20
23
22
19
11
-4
-48
-80
-80
-69
-52
-34
-9
18
38
42
8
13
18
18
17
6
-15
-34
-56
-74
-79
-72
-58
-39
-2
40
65
76
7
9
12
11
6
-15
-42
-63
-75
-78
-69
-60
-48
-37
-1
67
108
116
0
0
-1
-3
-12
-25
-48
-65
-76
-71
-61
-49
-44
-32
-4
33
65
81
-1
-4
-7
-11
-15
-22
-34
-46
-53
-54
-47
-43
-39
-34
-33
-35
-40
-18
-4
-5
-10
-12
-14
-15
-20
-21
-27
-30
-33
-32
-38
-43
-57
-90
-100
-82
-5
-7
-9
-9
-8
-4
1
3
1
-6
-13
-20
-26
-33
-53
-88
-104
-99
-3
-5
-8
-9
-8
-5
7
16
25
22
17
5
-4
-16
-28
-54
-72
-87
0
-4
-9
-11
-9
-3
11
27
41
46
44
31
20
6
-10
-30
-46
-61
-2
-5
-8
-11
-9
-2
16
29
48
58
66
56
41
23
4
-13
-25
-37
-7
-8
-9
-10
-7
0
13
26
34
38
56
58
47
33
14
-1
-10
-20
-8
-8
-8
-10
-10
-5
4
9
6
7
8
20
24
26
16
5
-1
-7
-5
-7
-8
-12
-15
-18
-11
-11
-10
-6
0
0
6
17
15
8
5
3
-2
-1
3
9
18
27
44
73
89
88
73
56
40
29
20
8
-4
-13
0
3
6
10
14
21
30
42
47
44
32
21
3
-8
-8
-6
1
10
3
6
10
13
17
16
7
-5
-16
-19
-14
-15
-31
-40
-27
-6
8
19
4
8
13
15
18
19
6
-24
-54
-63
-53
-41
-43
-39
-25
1
19
28
5
11
16
18
18
15
1
-15
-53
-70
-69
-64
-44
-33
-11
15
37
41
5
10
14
14
12
4
-13
-30
-49
-67
-69
-61
-50
-28
3
36
61
74
5
6
10
7
3
-14
-35
-53
-64
-71
-60
-50
-39
-26
9
56
87
104
1
0
-1
-2
-10
-22
-39
-55
-63
-60
-52
-41
-36
-26
-6
24
51
66
1
-1
-6
-8
-13
-19
-30
-42
-41
-48
-41
-37
-35
-33
-33
-37
-33
-18
-1
-2
-6
-9
-12
-14
-19
-17
-24
-24
-27
-27
-34
-40
-53
-77
-87
-79
-4
-5
-6
-7
-7
-4
0
2
0
-5
-10
-16
-23
-35
-52
-76
-89
-94
-3
-4
-6
-6
-5
-3
6
15
22
22
17
6
-3
-16
-25
-52
-67
-79
0
-3
-8
-10
-7
0
12
26
38
44
43
28
21
6
-9
-27
-43
-54
-1
-4
-7
-10
-7
-1
15
30
46
58
69
60
44
25
4
-11
-20
-32
-5
-7
-8
-9
-6
2
12
24
33
43
69
74
54
34
16
2
-7
-15
-6
-7
-7
-8
-8
-2
3
8
13
16
19
36
28
25
15
8
2
-4
-5
-6
-7
-10
-11
-14
-9
-8
-7
-2
0
0
-5
10
12
9
6
6
-2
-1
2
7
14
24
36
62
70
72
64
47
33
25
19
6
-2
-9
0
2
5
8
11
19
26
33
36
31
26
15
2
-3
-4
-3
1
7
3
5
8
10
13
11
4
-3
-11
-17
-13
-16
-29
-29
-18
-5
5
16
2
7
10
11
13
12
0
-26
-43
-51
-43
-36
-35
-36
-20
0
15
25
4
7
11
12
14
11
-2
-19
-44
-59
-57
-50
-35
-28
-9
13
32
40
3
7
10
9
8
1
-8
-25
-42
-51
-55
-47
-39
-19
7
31
53
65
3
4
7
3
-1
-13
-28
-45
-50
-53
-45
-39
-29
-16
14
49
69
81
1
0
-1
-2
-9
-19
-32
-42
-49
-48
-43
-33
-27
-18
-2
19
40
51
2
1
-3
-5
-11
-16
-25
-35
-32
-37
-33
-31
-29
-27
-26
-29
-23
-11
1
0
-3
-6
-8
-12
-15
-14
-18
-18
-21
-23
-28
-34
-44
-64
-72
-63
-2
-3
-3
-4
-4
-4
-1
0
0
-2
-6
-13
-20
-31
-44
-62
-73
-75
-2
-4
-4
-4
-2
-1
6
13
18
19
15
8
-3
-14
-23
-45
-58
-66
-1
-3
-6
-6
-4
3
11
24
32
39
37
27
19
6
-8
-23
-36
-46
-1
-3
-6
-8
-5
1
14
26
41
53
62
54
38
21
4
-8
-17
-26
-3
-5
-6
-7
-4
2
11
22
28
47
77
82
57
32
14
4
-4
-10
-5
-5
-6
-6
-6
-2
2
7
13
26
43
71
31
22
13
8
4
0
-4
-5
-5
-7
-8
-9
-8
-7
-4
3
0
0
-14
3
9
9
6
9
-1
0
2
5
9
19
30
44
50
58
46
33
24
17
12
5
-1
-7
1
2
3
6
8
15
20
24
26
20
17
10
4
1
-1
-2
-1
3
3
5
6
7
8
7
4
-4
-9
-16
-15
-16
-19
-18
-10
-5
2
12
2
5
8
8
8
6
-6
-20
-31
-37
-30
-32
-28
-23
-13
-1
10
19
2
4
7
9
9
7
-4
-20
-34
-43
-42
-35
-30
-23
-7
10
26
33
2
3
6
7
6
0
-6
-18
-34
-40
-36
-32
-29
-13
7
29
45
54
1
2
3
3
-1
-9
-20
-34
-33
-35
-31
-28
-21
-6
14
34
51
57
1
1
0
-2
-7
-15
-24
-30
-34
-34
-32
-26
-20
-12
1
13
29
34
3
2
0
-3
-7
-13
-18
-21
-22
-21
-24
-24
-21
-20
-17
-19
-11
-11
2
1
-1
-3
-6
-8
-11
-11
-12
-10
-16
-19
-21
-26
-35
-45
-48
-45
-1
-2
-2
-2
-2
-3
-2
0
0
1
-3
-9
-17
-25
-34
-51
-54
-54
-2
-3
-3
-3
-1
1
5
9
14
15
14
7
-3
-11
-20
-33
-42
-47
-1
-3
-4
-5
-2
2
10
20
25
30
30
25
15
6
-6
-18
-25
-34
0
-2
-5
-6
-3
2
13
22
34
43
50
45
33
18
4
-5
-13
-19
-1
-3
-5
-5
-4
1
10
17
26
49
75
78
51
27
10
4
-1
-6
-3
-4
-4
-4
-4
-1
1
7
13
30
58
73
36
20
11
7
4
3
-3
-4
-4
-4
-5
-6
-6
-6
-2
2
0
-8
-14
-1
7
7
6
9