6
5
4
4
3
2
0
-2
-3
-3
-1
1
3
4
3
2
0
-3
-7
-18
-26
-16
14
13
11
10
7
3
-3
-6
-9
-6
-2
5
9
11
8
5
2
-3
-16
-32
-42
-38
19
16
15
12
10
3
-5
-11
-11
-7
1
9
15
18
17
12
6
-3
-20
-37
-44
-37
23
17
12
9
4
-1
-7
-14
-13
-8
4
16
25
29
30
24
15
4
-14
-34
-40
-28
22
11
4
0
-3
-6
-10
-16
-15
-9
5
23
37
46
48
41
29
20
2
-16
-30
-22
9
-6
-15
-15
-11
-14
-18
-21
-18
-13
4
28
51
66
68
61
51
39
27
9
-7
-7
-25
-34
-35
-28
-19
-21
-24
-27
-25
-20
-3
29
66
87
89
75
65
60
58
43
19
6
-77
-83
-63
-35
-19
-21
-32
-31
-30
-24
-9
19
70
102
101
77
62
71
90
81
45
19
-104
-121
-88
-32
-4
-21
-42
-42
-31
-18
0
12
54
98
94
63
35
50
105
112
68
26
-86
-99
-52
-17
-6
-36
-59
-61
-44
0
31
32
31
61
79
51
10
23
76
89
56
21
-46
-23
-9
-12
-84
-96
-99
-92
-65
13
71
96
85
79
94
80
43
26
18
13
8
1
-50
-13
-26
-75
-117
-127
-118
-105
-79
9
63
72
173
173
151
127
104
43
-19
-52
-37
-15
-105
-96
-99
-81
-73
-76
-65
-65
-13
0
-5
0
0
127
121
125
120
59
-25
-63
-52
-24
-136
-160
-123
-34
-1
0
19
54
51
0
5
0
0
-91
-8
66
82
36
-21
-50
-42
-20
-112
-121
-77
7
39
-5
5
100
192
122
90
77
-94
-151
-96
-16
11
3
-18
-33
-28
-13
-55
-38
0
0
-40
-90
-100
-2
176
230
126
36
-72
-123
-104
-66
-41
-29
-25
-27
-20
-9
-22
43
38
0
-100
-106
-93
0
0
55
52
7
-45
-72
-91
-87
-70
-49
-39
-26
-16
-7
-32
42
25
-56
-64
8
71
0
0
-88
-58
-27
-36
-49
-77
-92
-85
-61
-40
-17
-9
-3
-44
39
37
-8
-28
5
55
6
-100
-109
-52
-26
-27
-53
-80
-85
-81
-53
-25
-3
5
3
-22
20
28
-8
-43
-44
-34
-52
-67
-56
-17
-11
-38
-67
-98
-101
-80
-39
5
26
29
16
-19
-29
-39
-27
-55
-104
-114
-75
-1
4
-12
-24
-47
-85
-122
-128
-85
-7
53
77
54
29
6
4
4
2
0
-3
-4
-1
1
4
5
2
0
-4
-15
-30
-27
15
12
9
4
-2
-8
-8
-3
6
11
13
10
4
-6
-25
-41
-36
17
9
7
1
-5
-12
-11
0
12
20
27
21
13
2
-25
-37
-25
12
0
-4
-7
-11
-15
-13
-1
20
38
46
44
31
17
-4
-23
-19
-14
-22
-19
-18
-22
-22
-19
-1
26
52
73
70
58
44
27
9
-6
-56
-52
-36
-29
-34
-31
-24
-9
27
72
101
92
76
71
66
42
16
-108
-82
-38
-29
-44
-43
-28
-11
26
76
107
98
59
68
98
74
29
-101
-56
-23
-36
-75
-70
-33
21
51
82
99
98
46
47
78
67
26
-40
-27
-59
-113
-122
-102
-49
40
88
140
145
128
73
51
20
3
0
-82
-87
-101
-117
-111
-77
-12
15
7
172
195
136
117
44
-25
-51
-21
-162
-135
-59
-39
-19
11
0
1
0
0
-10
49
95
43
-33
-47
-20
-146
-63
-7
-15
-16
101
165
121
128
-94
-155
-66
-5
-1
-27
-32
-13
-38
0
0
-93
-117
0
186
176
66
-77
-136
-108
-68
-44
-29
-23
-9
21
13
-57
-71
-37
0
0
-22
-19
-61
-95
-112
-90
-61
-33
-15
-5
14
21
-36
-14
71
10
-114
-97
-54
-51
-79
-107
-91
-62
-22
-2
2
-5
12
-27
-54
-29
-46
-66
-50
-28
-59
-100
-118
-91
-38
14
30
17
6
3
3
1
-1
-3
-4
-1
1
4
6
3
1
-5
-12
-25
-27
14
11
6
4
-3
-7
-7
-2
6
11
13
11
4
-7
-22
-39
-34
14
6
4
-1
-6
-11
-9
1
12
20
27
21
13
3
-23
-31
-25
8
-5
-8
-10
-14
-15
-12
0
20
38
47
45
34
20
-1
-17
-15
-17
-26
-23
-21
-25
-22
-18
0
27
53
74
71
61
47
30
15
0
-57
-55
-44
-36
-41
-34
-24
-2
34
78
103
97
82
72
65
41
16
-96
-84
-51
-50
-59
-49
-29
-3
40
86
114
107
78
73
88
60
26
-98
-67
-49
-71
-90
-77
-37
16
68
112
129
120
74
64
73
61
24
-68
-56
-86
-131
-132
-99
-45
18
74
179
189
152
97
69
36
12
1
-112
-119
-123
-126
-113
-59
-8
-22
-11
179
212
148
112
50
-4
-23
-11
-180
-147
-83
-67
-33
13
29
45
0
0
-8
43
74
30
-25
-36
-18
-137
-72
-54
-56
-34
78
173
192
145
-90
-165
-95
-19
-8
-27
-30
-12
-57
-49
-35
-94
-122
0
177
191
82
-69
-160
-128
-77
-53
-32
-22
-8
-16
-20
-52
-62
-29
0
0
-27
-12
-64
-117
-130
-104
-70
-32
-13
-5
-16
-2
-33
-5
83
11
-112
-110
-65
-68
-100
-126
-102
-66
-23
-4
4
-29
-5
-35
-56
-33
-44
-67
-61
-59
-85
-118
-136
-91
-38
18
33
22
6
3
2
1
-1
-2
-3
-1
2
4
5
2
-1
-5
-13
-25
-27
13
9
4
2
-3
-6
-6
-2
6
11
13
11
4
-5
-21
-37
-35
12
5
2
-2
-6
-10
-7
1
12
20
25
22
13
1
-21
-26
-24
4
-6
-11
-12
-15
-15
-10
2
21
39
46
46
36
21
2
-13
-11
-19
-29
-27
-24
-26
-24
-17
2
29
54
74
73
62
49
31
15
2
-56
-58
-47
-42
-43
-37
-25
3
37
79
103
99
85
71
63
38
15
-86
-85
-64
-62
-66
-54
-30
0
50
99
122
121
93
78
83
56
23
-97
-80
-75
-99
-102
-76
-39
9
70
130
154
137
97
76
70
52
20
-87
-79
-105
-139
-129
-92
-43
-3
62
188
209
166
112
78
42
20
2
-136
-144
-141
-128
-110
-42
-13
-48
-26
168
202
149
110
61
7
-18
-9
-187
-157
-106
-87
-48
14
59
68
0
0
-8
38
64
27
-16
-30
-13
-145
-103
-93
-90
-61
50
188
240
150
-87
-173
-97
-36
-21
-28
-27
-10
-81
-85
-70
-107
-111
0
137
195
100
-84
-173
-138
-91
-58
-35
-21
-7
-44
-51
-62
-62
-20
0
0
-27
-18
-68
-129
-142
-111
-75
-32
-14
-4
-43
-26
-35
-1
64
15
-107
-111
-77
-78
-115
-135
-110
-69
-23
-3
5
-53
-24
-42
-57
-30
-34
-59
-68
-76
-101
-131
-144
-99
-37
18
33
25
5
3
2
1
-1
-2
-2
0
2
4
4
2
1
-4
-16
-24
-24
11
7
2
0
-3
-5
-4
-1
6
12
12
10
4
-4
-21
-33
-32
10
5
-1
-4
-6
-9
-5
2
12
19
22
22
13
-1
-19
-23
-18
-4
-9
-14
-14
-15
-15
-8
5
21
40
45
47
37
23
5
-4
-9
-21
-30
-31
-27
-27
-26
-17
3
31
56
73
74
63
49
31
14
3
-51
-61
-52
-48
-46
-41
-25
6
42
80
101
101
87
72
58
36
13
-79
-83
-73
-71
-68
-59
-31
5
58
107
124
128
101
79
76
50
20
-93
-87
-90
-102
-105
-77
-43
3
73
143
172
153
109
82
70
46
16
-106
-99
-120
-135
-124
-85
-48
-25
49
178
225
178
125
85
49
19
4
-149
-148
-142
-127
-106
-47
-17
-54
-35
143
195
152
108
60
20
-10
-6
-187
-165
-132
-111
-70
7
80
52
0
0
-11
28
52
23
-10
-22
-11
-161
-134
-126
-121
-81
26
198
257
145
-74
-155
-100
-50
-29
-28
-20
-9
-108
-115
-111
-121
-103
0
119
209
105
-77
-165
-147
-98
-61
-34
-20
-6
-79
-84
-78
-42
-18
0
0
-21
-15
-72
-135
-150
-120
-77
-31
-16
-3
-68
-49
-42
0
66
18
-97
-108
-86
-93
-125
-144
-113
-72
-24
-1
5
-68
-44
-50
-55
-25
-16
-57
-76
-92
-112
-139
-153
-111
-38
20
34
24