-72000
-72000
-72000
-72000
-72000
-72000
-72000
-72000
-72000
-72000
-72000
-72000
-72000
-72000
-72000
-72000
-72000
-72000
-72000
-72000
-72000
-72000
-69600
-69600
-69600
-69600
-69600
-69600
-69600
-69600
-69600
-69600
-69600
-69600
-69600
-69600
-69600
-69600
-69600
-69600
-69600
-69600
-69600
-69600
-67200
-67200
-67200
-67200
-67200
-67200
-67200
-67200
-67200
-67200
-67200
-67200
-67200
-67200
-67200
-67200
-67200
-67200
-67200
-67200
-67200
-67200
-64800
-64800
-64800
-64800
-64800
-64800
-64800
-64800
-64800
-64800
-64800
-64800
-64800
-64800
-64800
-64800
-64800
-64800
-64800
-64800
-64800
-64800
-62400
-62400
-62400
-62400
-62400
-62400
-62400
-62400
-62400
-62400
-62400
-62400
-62400
-62400
-62400
-62400
-62400
-62400
-62400
-62400
-62400
-62400
-60000
-60000
-60000
-60000
-60000
-60000
-60000
-60000
-60000
-60000
-60000
-60000
-60000
-60000
-60000
-60000
-60000
-60000
-60000
-60000
-60000
-60000
-57600
-57600
-57600
-57600
-57600
-57600
-57600
-57600
-57600
-57600
-57600
-57600
-57600
-57600
-57600
-57600
-57600
-57600
-57600
-57600
-57600
-57600
-55200
-55200
-55200
-55200
-55200
-55200
-55200
-55200
-55200
-55200
-55200
-55200
-55200
-55200
-55200
-55200
-55200
-55200
-55200
-55200
-55200
-55200
-52800
-52800
-52800
-52800
-52800
-52800
-52800
-52800
-52800
-52800
-52800
-52800
-52800
-52800
-52800
-52800
-52800
-52800
-52800
-52800
-52800
-52800
-50400
-50400
-50400
-50400
-50400
-50400
-50400
-50400
-50400
-50400
-50400
-50400
-50400
-50400
-50400
-50400
-50400
-50400
-50400
-50400
-50400
-50400
-48000
-48000
-48000
-48000
-48000
-48000
-48000
-48000
-48000
-48000
-48000
-48000
-48000
-48000
-48000
-48000
-48000
-48000
-48000
-48000
-48000
-48000
-45600
-45600
-45600
-45600
-45600
-45600
-45600
-45600
-45600
-45600
-45600
-45600
-45600
-45600
-45600
-45600
-45600
-45600
-45600
-45600
-45600
-45600
-43200
-43200
-43200
-43200
-43200
-43200
-43200
-43200
-43200
-43200
-43200
-43200
-43200
-43200
-43200
-43200
-43200
-43200
-43200
-43200
-43200
-43200
-40800
-40800
-40800
-40800
-40800
-40800
-40800
-40800
-40800
-40800
-40800
-40800
-40800
-40800
-40800
-40800
-40800
-40800
-40800
-40800
-40800
-40800
-38400
-38400
-38400
-38400
-38400
-38400
-38400
-38400
-38400
-38400
-38400
-38400
-38400
-38400
-38400
-38400
-38400
-38400
-38400
-38400
-38400
-38400
-36000
-36000
-36000
-36000
-36000
-36000
-36000
-36000
-36000
-36000
-36000
-36000
-36000
-36000
-36000
-36000
-36000
-36000
-36000
-36000
-36000
-36000
-33600
-33600
-33600
-33600
-33600
-33600
-33600
-33600
-33600
-33600
-33600
-33600
-33600
-33600
-33600
-33600
-33600
-33600
-33600
-33600
-33600
-33600
-31100
-31100
-31100
-31100
-31100
-31100
-31100
-31100
-31100
-31100
-31100
-31100
-31100
-31100
-31100
-31100
-31100
-31100
-31100
-31100
-31100
-31100
-28700
-28700
-28700
-28700
-28700
-28700
-28700
-28700
-28700
-28700
-28700
-28700
-28700
-28700
-28700
-28700
-28700
-28700
-28700
-28700
-28700
-28700
-26300
-26300
-26300
-26300
-26300
-26300
-26300
-26300
-26300
-26300
-26300
-26300
-26300
-26300
-26300
-26300
-26300
-26300
-26300
-26300
-26300
-26300
-23900
-23900
-23900
-23900
-23900
-23900
-23900
-23900
-23900
-23900
-23900
-23900
-23900
-23900
-23900
-23900
-23900
-23900
-23900
-23900
-23900
-23900
-71700
-71700
-71700
-71700
-71700
-71700
-71700
-71700
-71700
-71700
-71700
-71700
-71700
-71700
-71700
-71700
-71700
-68700
-68700
-68700
-68700
-68700
-68700
-68700
-68700
-68700
-68700
-68700
-68700
-68700
-68700
-68700
-68700
-68700
-65700
-65700
-65700
-65700
-65700
-65700
-65700
-65700
-65700
-65700
-65700
-65700
-65700
-65700
-65700
-65700
-65700
-62600
-62600
-62600
-62600
-62600
-62600
-62600
-62600
-62600
-62600
-62600
-62600
-62600
-62600
-62600
-62600
-62600
-59600
-59600
-59600
-59600
-59600
-59600
-59600
-59600
-59600
-59600
-59600
-59600
-59600
-59600
-59600
-59600
-59600
-56600
-56600
-56600
-56600
-56600
-56600
-56600
-56600
-56600
-56600
-56600
-56600
-56600
-56600
-56600
-56600
-56600
-53600
-53600
-53600
-53600
-53600
-53600
-53600
-53600
-53600
-53600
-53600
-53600
-53600
-53600
-53600
-53600
-53600
-50600
-50600
-50600
-50600
-50600
-50600
-50600
-50600
-50600
-50600
-50600
-50600
-50600
-50600
-50600
-50600
-50600
-47600
-47600
-47600
-47600
-47600
-47600
-47600
-47600
-47600
-47600
-47600
-47600
-47600
-47600
-47600
-47600
-47600
-44500
-44500
-44500
-44500
-44500
-44500
-44500
-44500
-44500
-44500
-44500
-44500
-44500
-44500
-44500
-44500
-44500
-41500
-41500
-41500
-41500
-41500
-41500
-41500
-41500
-41500
-41500
-41500
-41500
-41500
-41500
-41500
-41500
-41500
-38500
-38500
-38500
-38500
-38500
-38500
-38500
-38500
-38500
-38500
-38500
-38500
-38500
-38500
-38500
-38500
-38500
-35500
-35500
-35500
-35500
-35500
-35500
-35500
-35500
-35500
-35500
-35500
-35500
-35500
-35500
-35500
-35500
-35500
-32500
-32500
-32500
-32500
-32500
-32500
-32500
-32500
-32500
-32500
-32500
-32500
-32500
-32500
-32500
-32500
-32500
-29500
-29500
-29500
-29500
-29500
-29500
-29500
-29500
-29500
-29500
-29500
-29500
-29500
-29500
-29500
-29500
-29500
-26400
-26400
-26400
-26400
-26400
-26400
-26400
-26400
-26400
-26400
-26400
-26400
-26400
-26400
-26400
-26400
-26400
-71700
-71700
-71700
-71700
-71700
-71700
-71700
-71700
-71700
-71700
-71700
-71700
-71700
-71700
-71700
-71700
-71700
-68700
-68700
-68700
-68700
-68700
-68700
-68700
-68700
-68700
-68700
-68700
-68700
-68700
-68700
-68700
-68700
-68700
-65700
-65700
-65700
-65700
-65700
-65700
-65700
-65700
-65700
-65700
-65700
-65700
-65700
-65700
-65700
-65700
-65700
-62600
-62600
-62600
-62600
-62600
-62600
-62600
-62600
-62600
-62600
-62600
-62600
-62600
-62600
-62600
-62600
-62600
-59600
-59600
-59600
-59600
-59600
-59600
-59600
-59600
-59600
-59600
-59600
-59600
-59600
-59600
-59600
-59600
-59600
-56600
-56600
-56600
-56600
-56600
-56600
-56600
-56600
-56600
-56600
-56600
-56600
-56600
-56600
-56600
-56600
-56600
-53600
-53600
-53600
-53600
-53600
-53600
-53600
-53600
-53600
-53600
-53600
-53600
-53600
-53600
-53600
-53600
-53600
-50600
-50600
-50600
-50600
-50600
-50600
-50600
-50600
-50600
-50600
-50600
-50600
-50600
-50600
-50600
-50600
-50600
-47600
-47600
-47600
-47600
-47600
-47600
-47600
-47600
-47600
-47600
-47600
-47600
-47600
-47600
-47600
-47600
-47600
-44500
-44500
-44500
-44500
-44500
-44500
-44500
-44500
-44500
-44500
-44500
-44500
-44500
-44500
-44500
-44500
-44500
-41500
-41500
-41500
-41500
-41500
-41500
-41500
-41500
-41500
-41500
-41500
-41500
-41500
-41500
-41500
-41500
-41500
-38500
-38500
-38500
-38500
-38500
-38500
-38500
-38500
-38500
-38500
-38500
-38500
-38500
-38500
-38500
-38500
-38500
-35500
-35500
-35500
-35500
-35500
-35500
-35500
-35500
-35500
-35500
-35500
-35500
-35500
-35500
-35500
-35500
-35500
-32500
-32500
-32500
-32500
-32500
-32500
-32500
-32500
-32500
-32500
-32500
-32500
-32500
-32500
-32500
-32500
-32500
-29500
-29500
-29500
-29500
-29500
-29500
-29500
-29500
-29500
-29500
-29500
-29500
-29500
-29500
-29500
-29500
-29500
-26400
-26400
-26400
-26400
-26400
-26400
-26400
-26400
-26400
-26400
-26400
-26400
-26400
-26400
-26400
-26400
-26400
-71700
-71700
-71700
-71700
-71700
-71700
-71700
-71700
-71700
-71700
-71700
-71700
-71700
-71700
-71700
-71700
-71700
-68700
-68700
-68700
-68700
-68700
-68700
-68700
-68700
-68700
-68700
-68700
-68700
-68700
-68700
-68700
-68700
-68700
-65700
-65700
-65700
-65700
-65700
-65700
-65700
-65700
-65700
-65700
-65700
-65700
-65700
-65700
-65700
-65700
-65700
-62600
-62600
-62600
-62600
-62600
-62600
-62600
-62600
-62600
-62600
-62600
-62600
-62600
-62600
-62600
-62600
-62600
-59600
-59600
-59600
-59600
-59600
-59600
-59600
-59600
-59600
-59600
-59600
-59600
-59600
-59600
-59600
-59600
-59600
-56600
-56600
-56600
-56600
-56600
-56600
-56600
-56600
-56600
-56600
-56600
-56600
-56600
-56600
-56600
-56600
-56600
-53600
-53600
-53600
-53600
-53600
-53600
-53600
-53600
-53600
-53600
-53600
-53600
-53600
-53600
-53600
-53600
-53600
-50600
-50600
-50600
-50600
-50600
-50600
-50600
-50600
-50600
-50600
-50600
-50600
-50600
-50600
-50600
-50600
-50600
-47600
-47600
-47600
-47600
-47600
-47600
-47600
-47600
-47600
-47600
-47600
-47600
-47600
-47600
-47600
-47600
-47600
-44500
-44500
-44500
-44500
-44500
-44500
-44500
-44500
-44500
-44500
-44500
-44500
-44500
-44500
-44500
-44500
-44500
-41500
-41500
-41500
-41500
-41500
-41500
-41500
-41500
-41500
-41500
-41500
-41500
-41500
-41500
-41500
-41500
-41500
-38500
-38500
-38500
-38500
-38500
-38500
-38500
-38500
-38500
-38500
-38500
-38500
-38500
-38500
-38500
-38500
-38500
-35500
-35500
-35500
-35500
-35500
-35500
-35500
-35500
-35500
-35500
-35500
-35500
-35500
-35500
-35500
-35500
-35500
-32500
-32500
-32500
-32500
-32500
-32500
-32500
-32500
-32500
-32500
-32500
-32500
-32500
-32500
-32500
-32500
-32500
-29500
-29500
-29500
-29500
-29500
-29500
-29500
-29500
-29500
-29500
-29500
-29500
-29500
-29500
-29500
-29500
-29500
-26400
-26400
-26400
-26400
-26400
-26400
-26400
-26400
-26400
-26400
-26400
-26400
-26400
-26400
-26400
-26400
-26400
-71700
-71700
-71700
-71700
-71700
-71700
-71700
-71700
-71700
-71700
-71700
-71700
-71700
-71700
-71700
-71700
-71700
-68700
-68700
-68700
-68700
-68700
-68700
-68700
-68700
-68700
-68700
-68700
-68700
-68700
-68700
-68700
-68700
-68700
-65700
-65700
-65700
-65700
-65700
-65700
-65700
-65700
-65700
-65700
-65700
-65700
-65700
-65700
-65700
-65700
-65700
-62600
-62600
-62600
-62600
-62600
-62600
-62600
-62600
-62600
-62600
-62600
-62600
-62600
-62600
-62600
-62600
-62600
-59600
-59600
-59600
-59600
-59600
-59600
-59600
-59600
-59600
-59600
-59600
-59600
-59600
-59600
-59600
-59600
-59600
-56600
-56600
-56600
-56600
-56600
-56600
-56600
-56600
-56600
-56600
-56600
-56600
-56600
-56600
-56600
-56600
-56600
-53600
-53600
-53600
-53600
-53600
-53600
-53600
-53600
-53600
-53600
-53600
-53600
-53600
-53600
-53600
-53600
-53600
-50600
-50600
-50600
-50600
-50600
-50600
-50600
-50600
-50600
-50600
-50600
-50600
-50600
-50600
-50600
-50600
-50600
-47600
-47600
-47600
-47600
-47600
-47600
-47600
-47600
-47600
-47600
-47600
-47600
-47600
-47600
-47600
-47600
-47600
-44500
-44500
-44500
-44500
-44500
-44500
-44500
-44500
-44500
-44500
-44500
-44500
-44500
-44500
-44500
-44500
-44500
-41500
-41500
-41500
-41500
-41500
-41500
-41500
-41500
-41500
-41500
-41500
-41500
-41500
-41500
-41500
-41500
-41500
-38500
-38500
-38500
-38500
-38500
-38500
-38500
-38500
-38500
-38500
-38500
-38500
-38500
-38500
-38500
-38500
-38500
-35500
-35500
-35500
-35500
-35500
-35500
-35500
-35500
-35500
-35500
-35500
-35500
-35500
-35500
-35500
-35500
-35500
-32500
-32500
-32500
-32500
-32500
-32500
-32500
-32500
-32500
-32500
-32500
-32500
-32500
-32500
-32500
-32500
-32500
-29500
-29500
-29500
-29500
-29500
-29500
-29500
-29500
-29500
-29500
-29500
-29500
-29500
-29500
-29500
-29500
-29500
-26400
-26400
-26400
-26400
-26400
-26400
-26400
-26400
-26400
-26400
-26400
-26400
-26400
-26400
-26400
-26400
-26400