984
985
986
983
979
979
980
984
986
984
983
984
983
982
981
982
979
978
976
971
949
914
938
939
938
938
940
944
943
949
943
939
939
939
936
935
934
934
935
932
924
913
875
785
863
864
867
873
872
898
887
892
866
866
856
864
864
868
860
868
873
875
874
847
794
680
789
797
803
814
828
843
840
828
793
778
773
780
783
797
801
805
806
823
834
798
736
569
730
741
752
758
778
796
788
769
725
710
699
710
717
730
734
760
766
774
795
774
697
528
699
697
689
689
703
742
743
721
671
643
633
630
643
659
672
698
716
729
744
734
663
447
641
637
613
612
631
681
690
675
611
582
554
524
544
576
622
636
657
669
697
712
648
454
615
588
533
497
543
615
653
591
562
522
476
405
400
479
572
605
591
585
633
688
662
446
578
527
393
347
437
561
615
564
495
471
408
272
241
379
555
607
525
464
508
636
684
502
574
404
209
166
345
526
585
516
435
392
326
193
135
329
573
615
461
276
338
570
702
571
593
341
109
109
337
548
575
473
343
300
267
205
169
330
584
646
420
174
280
569
713
560
572
333
228
227
388
529
539
415
198
105
187
160
194
378
610
663
468
242
348
602
721
525
604
431
332
314
406
534
499
345
37
0
196
0
0
412
651
672
562
473
522
661
691
531
577
420
252
199
355
519
490
289
53
0
321
0
0
424
596
657
643
623
663
724
679
510
595
399
140
32
286
540
476
247
188
140
237
199
201
413
501
551
624
675
736
753
675
476
579
341
0
0
274
554
458
101
140
291
291
300
320
394
454
510
592
636
703
730
679
474
536
314
93
0
374
575
410
0
0
308
367
371
391
381
431
497
580
626
700
740
687
465
473
330
265
191
357
502
337
0
0
280
370
383
420
414
448
490
562
580
707
725
648
496
315
290
331
290
325
418
350
142
132
244
289
333
378
448
482
480
526
592
688
715
663
477
138
154
317
353
325
405
346
228
173
156
198
301
391
468
508
495
519
560
651
698
667
503
118
129
313
402
410
410
324
211
161
101
147
293
402
486
521
504
478
521
618
712
694
496
982
984
977
973
974
979
983
983
979
979
974
976
978
979
971
952
883
923
922
917
932
937
932
927
922
914
922
922
915
924
925
910
872
740
822
855
851
878
885
848
848
813
815
827
847
841
839
866
848
786
598
768
796
786
824
839
806
770
731
733
751
769
779
790
811
812
735
553
743
720
696
752
793
738
707
662
665
673
700
723
753
761
765
718
562
689
646
635
682
725
666
623
587
541
536
607
668
687
703
734
715
517
658
505
472
595
667
619
556
520
401
387
509
646
627
579
644
733
549
543
327
294
487
660
590
505
421
293
324
490
688
593
440
506
731
557
476
239
277
535
637
512
337
291
264
270
526
745
549
379
471
760
601
558
394
393
568
576
350
56
104
193
178
576
784
621
429
591
770
570
572
369
365
550
537
219
0
15
0
0
568
767
722
662
721
757
532
540
161
125
460
500
243
195
240
266
195
532
628
727
752
805
755
513
440
0
0
488
502
0
177
367
403
402
502
575
703
748
765
751
532
417
213
134
552
446
0
0
397
489
514
523
567
639
691
773
718
530
382
386
371
516
430
102
179
363
449
500
541
584
585
678
746
723
534
251
390
467
504
420
247
196
279
371
490
573
573
584
628
722
722
521
983
985
977
977
973
980
984
981
979
980
973
975
979
983
973
949
896
924
923
922
933
940
929
927
924
913
927
927
921
930
932
914
869
735
830
865
857
889
894
859
856
821
819
836
858
851
849
876
849
777
629
787
815
800
840
848
820
787
751
746
766
787
797
806
829
816
745
549
758
747
725
767
814
752
729
681
677
686
720
746
769
785
777
729
566
747
695
697
733
767
690
661
637
593
588
656
721
742
759
784
742
532
728
619
573
658
721
670
613
567
480
468
576
692
698
668
709
756
568
653
477
440
595
710
660
555
486
395
437
560
729
701
586
619
737
597
631
428
462
650
695
573
400
372
331
394
619
800
702
585
617
747
613
687
559
550
658
638
385
224
246
219
202
550
855
753
571
703
759
542
683
494
457
608
571
265
208
323
0
0
575
846
820
732
814
784
553
553
289
285
490
482
254
274
342
272
197
580
743
812
827
851
785
555
491
231
234
504
453
0
164
402
457
451
589
692
783
834
808
779
561
547
334
239
565
409
0
0
419
550
572
612
674
751
779
799
729
518
516
500
447
544
400
91
186
420
535
581
630
670
664
717
762
719
518
412
519
562
568
411
228
240
367
498
597
641
654
634
677
761
739
528
979
980
976
977
974
980
984
977
977
978
974
980
980
981
971
959
897
918
913
924
932
937
926
921
917
911
925
927
927
930
932
915
865
755
836
862
862
887
889
869
854
828
823
846
863
860
861
874
850
771
638
800
817
810
838
839
825
794
764
756
777
798
810
819
834
819
739
527
768
758
755
767
799
765
737
693
692
702
737
767
788
803
792
725
562
782
745
730
744
768
711
686
660
620
625
679
746
779
794
812
754
538
784
708
666
714
748
708
640
586
542
561
617
740
753
729
786
801
574
724
611
603
707
764
687
596
537
478
503
622
759
764
702
722
788
606
741
582
607
746
741
628
468
430
355
421
627
830
819
722
747
822
602
795
698
688
740
686
455
402
384
198
206
511
858
833
716
806
848
534
771
603
564
671
607
368
410
460
0
0
544
841
883
831
879
843
522
655
476
484
567
439
262
346
421
268
206
593
805
875
889
894
810
570
604
441
435
574
381
0
122
435
489
483
644
753
860
870
850
780
581
644
470
427
596
309
0
0
443
592
629
668
732
816
835
820
743
534
640
603
489
609
354
81
184
448
582
635
689
721
729
748
778
724
510
552
595
624
619
417
230
262
443
570
658
695
700
669
693
782
730
541
972
977
973
977
977
980
979
971
973
976
981
982
980
981
966
950
913
903
898
922
928
928
924
913
906
905
921
927
930
931
928
911
856
741
842
854
867
876
876
867
845
833
832
853
864
867
868
863
848
763
560
808
810
811
821
822
814
787
773
768
788
811
822
834
831
820
721
530
772
769
781
759
783
776
726
694
711
728
763
795
816
829
817
720
520
807
785
754
757
763
743
681
676
659
670
715
777
817
833
834
761
498
802
765
735
750
743
728
653
603
591
618
634
770
769
773
835
809
585
766
682
712
741
788
707
643
578
535
569
683
798
787
775
815
815
615
844
717
742
789
787
679
550
497
380
427
638
848
882
837
868
828
588
880
760
763
769
732
604
542
438
161
180
496
854
852
850
889
856
571
869
725
708
728
651
501
552
475
0
0
444
845
909
906
917
835
576
810
675
674
630
487
298
398
457
230
193
567
861
912
929
929
819
565
725
663
704
657
357
0
119
462
496
478
656
808
894
876
879
774
575
782
680
645
630
219
0
0
453
616
650
694
794
868
871
835
745
534
745
688
635
670
317
72
194
469
630
695
740
768
766
773
796
729
522
637
694
693
650
415
211
277
501
636
697
725
740
704
705
771
715
537