73
70
86
85
88
85
88
87
72
51
59
52
58
53
78
45
61
71
57
71
73
49
140
142
139
135
135
129
136
136
137
131
132
126
132
130
126
116
117
135
129
131
126
108
130
123
118
114
103
115
110
120
108
122
109
117
111
116
107
106
108
110
118
120
122
105
111
99
101
94
95
98
91
93
88
87
84
88
83
88
86
83
78
89
98
104
108
85
115
103
99
95
93
90
86
88
80
78
81
81
80
79
75
74
75
81
90
97
102
81
135
122
116
106
96
103
95
95
90
87
89
90
89
86
84
82
84
88
92
94
96
69
135
136
132
120
116
117
115
111
104
103
100
101
99
96
95
98
99
101
98
96
88
66
118
139
145
139
135
134
130
117
114
109
107
103
102
100
104
112
119
118
111
96
82
53
73
106
135
136
140
142
133
116
101
95
86
86
87
77
101
124
138
132
114
98
73
47
21
46
65
79
112
132
121
94
72
60
41
27
1
19
70
100
110
107
83
59
52
36
8
-2
-16
-8
36
81
80
62
53
45
17
-21
-44
-16
31
56
45
8
-10
6
18
18
32
8
-23
-36
-21
8
18
11
26
31
26
-3
-26
-22
4
14
-8
-57
-55
-31
-6
4
28
37
28
0
-22
-21
-18
-8
2
0
26
0
0
11
24
12
-21
-43
-44
-29
-8
4
-32
-9
27
26
20
-1
-18
-16
-11
0
27
0
0
35
55
32
1
-15
-17
-11
-1
7
-98
-75
-5
22
33
22
-3
-24
-53
-35
-19
-7
13
37
42
31
17
7
-4
-4
1
5
-103
-78
0
0
13
29
18
-4
-25
-34
-33
-20
3
7
1
9
6
-2
-6
-10
-4
0
-35
-34
-25
0
13
26
17
0
0
-1
-6
-6
-6
-17
-27
-17
-13
-17
-21
-19
-13
-6
29
18
6
25
39
26
10
0
0
17
21
16
4
-11
-27
-32
-30
-31
-29
-23
-17
-12
61
36
4
3
4
8
7
8
12
25
25
19
6
-11
-23
-29
-38
-38
-34
-26
-21
-14
34
23
-20
-40
-30
-11
-2
6
18
37
31
13
-3
-19
-34
-39
-40
-40
-38
-30
-22
-17
-42
-35
-46
-47
-37
-23
-11
-1
6
6
16
24
4
-26
-42
-44
-38
-33
-31
-27
-24
-18
68
78
72
81
77
76
63
49
47
53
79
57
47
68
64
71
58
121
114
107
111
110
110
109
114
107
114
113
105
103
117
104
110
85
95
100
90
96
93
82
90
80
85
81
94
82
76
96
95
96
73
105
99
90
90
89
83
80
81
77
81
81
72
75
85
86
94
76
124
120
99
105
104
94
91
90
92
92
91
90
92
94
98
98
79
141
144
132
130
125
110
107
106
107
105
103
105
110
114
108
97
67
125
161
159
150
137
120
107
106
103
95
90
107
139
142
120
91
56
61
97
109
128
131
109
93
67
43
19
43
83
115
115
83
59
38
-4
-22
-7
50
72
75
81
58
-2
-42
-6
36
31
-4
-10
8
12
16
-20
-29
-10
14
24
24
57
15
-17
-11
14
-28
-66
-56
-25
-3
8
39
36
17
-13
-7
0
-5
0
0
37
33
-11
-41
-41
-19
-1
-55
22
76
53
-1
-50
-92
-62
-18
7
38
32
14
-7
-15
-11
-5
-72
0
0
27
21
0
-33
-32
-23
-4
-1
-4
-6
-14
-12
-14
-9
-25
-56
-22
11
14
0
0
10
5
-3
-20
-29
-23
-24
-25
-18
-13
42
-6
2
-2
1
4
16
32
28
9
-12
-29
-32
-31
-27
-21
-15
40
-10
-39
-23
-8
3
22
44
29
3
-20
-29
-37
-36
-27
-23
-16
52
51
55
51
56
43
50
50
41
46
62
54
44
43
35
45
44
97
90
87
87
87
84
85
90
82
90
90
85
82
91
82
84
67
84
90
76
84
80
71
77
69
71
70
83
69
65
86
79
79
64
100
95
85
86
82
77
76
78
71
77
78
68
73
83
78
87
64
118
116
97
99
100
88
87
86
87
87
88
88
89
93
94
91
71
140
143
136
133
121
105
104
106
106
108
106
110
115
119
114
96
65
124
163
157
148
138
123
113
107
101
91
88
106
132
142
119
88
54
68
105
114
127
129
118
107
85
52
26
37
74
113
109
84
64
37
-1
-15
4
50
80
93
108
81
15
-26
-9
28
32
7
2
7
10
3
-18
-9
11
28
48
61
71
21
-14
-17
8
-24
-63
-54
-24
-5
8
55
64
30
-3
-10
-24
-60
0
0
29
27
-13
-49
-45
-28
-9
-30
37
95
72
-8
-70
-120
-97
-30
2
28
27
5
-21
-24
-21
-14
-61
-23
-6
24
20
0
-36
-46
-30
-13
-6
-6
-9
-17
-16
-19
-15
-41
-88
-50
-13
3
0
0
4
-2
-6
-19
-26
-24
-26
-24
-20
-13
28
-22
-37
-24
-8
0
15
33
27
10
-12
-28
-28
-26
-24
-19
-13
30
-14
-32
-28
-14
0
21
45
33
9
-11
-24
-27
-26
-20
-19
-13
42
31
32
32
39
27
32
40
34
32
40
30
22
24
24
32
31
79
71
68
64
63
61
60
67
60
66
67
65
62
67
62
65
52
74
75
63
68
64
62
63
60
59
61
67
58
58
69
66
64
52
92
85
78
75
71
70
69
71
66
72
71
64
69
74
71
74
49
108
108
97
90
89
82
81
80
82
81
82
82
84
88
87
80
62
135
140
129
122
113
100
99
99
100
101
100
104
108
114
107
89
59
120
152
145
144
129
120
110
100
97
88
81
103
121
136
112
85
51
71
103
110
118
124
121
112
95
60
33
38
71
104
101
80
58
34
4
-3
15
58
85
104
122
94
30
-6
-2
28
32
11
3
16
9
-2
-12
-3
16
40
58
74
65
26
-5
-10
4
-23
-55
-47
-23
-6
14
65
79
47
9
-14
-31
-53
0
0
18
13
-14
-52
-44
-32
-12
-13
45
97
73
1
-63
-112
-99
-39
-2
15
15
-6
-27
-32
-28
-19
-59
-33
-4
23
15
0
-22
-52
-41
-20
-12
-11
-17
-21
-22
-21
-19
-51
-96
-62
-31
-5
0
0
-8
-10
-14
-20
-23
-24
-26
-23
-20
-14
12
-37
-63
-46
-23
-6
9
25
21
6
-11
-23
-24
-23
-21
-17
-11
19
-16
-31
-34
-20
-2
18
41
31
14
-3
-11
-15
-16
-14
-14
-10
23
22
19
17
16
18
22
19
20
18
21
19
17
22
22
20
17
57
50
45
40
38
38
36
42
41
38
41
40
38
40
41
40
36
63
58
52
49
49
51
49
48
52
51
50
49
48
49
51
47
32
77
72
67
60
58
58
59
59
60
61
60
59
61
61
62
56
40
95
95
90
79
76
74
72
70
75
74
75
75
76
80
79
67
46
122
130
120
110
103
97
88
91
93
93
92
95
99
104
98
81
48
107
129
134
130
116
109
100
93
90
80
72
95
108
122
104
75
47
69
92
98
108
117
117
114
95
64
45
44
65
94
90
70
51
30
9
15
31
61
92
108
122
101
46
19
11
29
30
16
5
13
8
7
4
22
28
53
71
79
68
32
18
4
5
-19
-37
-36
-19
-7
21
65
75
58
30
1
-27
-37
0
0
5
6
-18
-45
-45
-32
-16
-10
46
86
73
25
-32
-80
-84
-51
-19
-7
3
-16
-29
-39
-32
-22
-55
-35
-1
19
14
0
-15
-58
-52
-29
-22
-15
-22
-23
-28
-24
-19
-57
-87
-64
-45
-13
0
0
-22
-20
-21
-21
-24
-25
-24
-21
-18
-12
-4
-53
-73
-62
-40
-17
3
13
13
3
-8
-16
-18
-18
-17
-14
-9
7
-14
-37
-36
-21
-2
13
33
29
12
2
-3
-5
-7
-4
-7
-5