-18
-24
-11
11
34
37
13
-26
-86
-117
-137
-121
-66
-62
-32
2
43
61
64
32
-19
-66
-91
-110
-111
-97
-63
6
67
102
103
64
18
-18
-52
-79
-132
-134
-103
-23
91
160
147
86
48
20
-6
-40
-125
-133
-107
-35
45
124
131
83
46
48
39
3
-91
-92
-44
0
19
21
-14
-16
26
64
71
58
-40
-42
-22
104
0
-110
-162
-105
-21
52
108
105
19
43
0
0
-68
-194
-225
-159
-55
54
126
137
68
131
129
-25
-146
-204
-196
-137
-52
35
102
122
81
108
63
-66
-157
-183
-142
-88
-35
24
71
99
80
46
2
-78
-141
-145
-97
-40
-5
18
37
68
69
31
-24
-67
-103
-104
-59
-13
13
25
27
65
68
30
-10
-45
-54
-44
-24
-18
-3
4
25
65
57
33
15
8
9
25
15
-16
-40
-30
14
66
43
34
36
57
71
80
61
1
-47
-30
16
55
21
32
54
90
118
124
92
39
-2
1
19
22
6
26
64
120
166
183
149
94
55
24
15
-7
-16
-19
-6
13
36
35
11
-27
-83
-120
-133
-128
-63
-64
-31
3
45
62
62
28
-21
-70
-92
-107
-110
-93
-62
3
64
104
107
71
18
-25
-51
-78
-130
-137
-106
-20
84
154
149
90
51
15
-13
-44
-120
-129
-102
-29
56
116
129
64
49
43
33
-8
-86
-78
-34
0
34
48
-3
-8
26
62
63
37
-32
-24
7
68
0
-82
-146
-93
-24
48
100
93
27
54
0
0
-36
-171
-207
-144
-53
45
112
124
74
142
114
-13
-119
-187
-187
-137
-53
33
100
113
81
114
70
-51
-141
-173
-140
-94
-39
20
72
104
72
56
14
-66
-132
-137
-99
-49
-11
17
44
74
70
34
-16
-65
-95
-92
-64
-27
4
20
32
63
69
33
-4
-37
-47
-39
-31
-22
-10
3
25
60
52
32
17
11
13
24
10
-16
-34
-23
16
60
39
32
36
56
69
74
51
6
-30
-21
12
46
20
31
51
86
114
113
91
46
8
5
15
21
11
29
68
123
157
171
142
97
58
31
17
-3
-13
-16
-3
15
35
34
11
-25
-79
-113
-121
-121
-59
-56
-29
4
44
63
60
26
-23
-70
-89
-94
-97
-84
-62
-3
59
104
104
68
17
-23
-51
-73
-118
-127
-97
-19
79
137
141
90
46
15
-17
-47
-110
-120
-96
-21
65
112
125
67
51
40
25
-12
-76
-65
-16
6
24
64
6
3
24
55
59
30
-25
-5
47
60
3
-61
-125
-86
-23
38
93
80
33
69
48
36
-16
-146
-182
-121
-42
42
98
109
81
139
96
-8
-100
-172
-175
-125
-50
35
92
105
88
120
70
-42
-126
-160
-138
-94
-39
25
76
96
66
58
21
-62
-117
-124
-92
-51
-15
16
46
72
64
33
-3
-51
-81
-83
-59
-29
0
18
30
60
63
29
-1
-29
-41
-36
-28
-21
-7
3
21
52
48
31
19
11
12
17
5
-15
-26
-17
18
51
37
31
35
49
59
63
43
6
-19
-13
12
39
22
29
50
82
105
106
82
43
8
10
15
22
10
33
69
114
139
151
130
86
51
31
17
0
-14
-12
-3
14
29
33
11
-21
-69
-96
-102
-102
-52
-45
-27
5
37
59
58
26
-24
-64
-79
-79
-84
-75
-55
-1
52
99
94
58
17
-20
-48
-63
-107
-107
-85
-20
70
124
127
84
39
13
-18
-42
-97
-105
-80
-12
66
107
107
74
44
37
19
-16
-62
-47
-7
10
37
67
11
10
19
44
48
23
-18
14
66
60
12
-50
-93
-75
-18
32
76
63
34
75
70
53
-14
-122
-151
-105
-34
34
84
90
78
126
91
4
-83
-145
-154
-109
-44
26
75
98
76
100
58
-36
-113
-132
-123
-82
-32
23
68
84
62
56
22
-48
-98
-105
-83
-47
-15
16
45
65
56
33
1
-44
-66
-71
-53
-29
-3
12
27
50
52
26
1
-26
-31
-28
-24
-19
-8
1
17
43
44
28
16
12
10
11
3
-12
-17
-10
14
41
30
27
30
41
49
50
33
7
-9
-7
11
32
22
23
44
74
86
90
70
38
15
10
12
17
9
32
61
96
115
129
105
75
45
29
16
3