-23400
-23400
-23400
-23400
-23400
-23400
-23400
-23400
-23400
-23400
-23400
-23400
-20400
-20400
-20400
-20400
-20400
-20400
-20400
-20400
-20400
-20400
-20400
-20400
-17400
-17400
-17400
-17400
-17400
-17400
-17400
-17400
-17400
-17400
-17400
-17400
-14400
-14400
-14400
-14400
-14400
-14400
-14400
-14400
-14400
-14400
-14400
-14400
-11400
-11400
-11400
-11400
-11400
-11400
-11400
-11400
-11400
-11400
-11400
-11400
-8340
-8340
-8340
-8340
-8340
-8340
-8340
-8340
-8340
-8340
-8340
-8340
-5330
-5330
-5330
-5330
-5330
-5330
-5330
-5330
-5330
-5330
-5330
-5330
-2310
-2310
-2310
-2310
-2310
-2310
-2310
-2310
-2310
-2310
-2310
-2310
708
708
708
708
708
708
708
708
708
708
708
708
3730
3730
3730
3730
3730
3730
3730
3730
3730
3730
3730
3730
6740
6740
6740
6740
6740
6740
6740
6740
6740
6740
6740
6740
9760
9760
9760
9760
9760
9760
9760
9760
9760
9760
9760
9760
12800
12800
12800
12800
12800
12800
12800
12800
12800
12800
12800
12800
15800
15800
15800
15800
15800
15800
15800
15800
15800
15800
15800
15800
18800
18800
18800
18800
18800
18800
18800
18800
18800
18800
18800
18800
21800
21800
21800
21800
21800
21800
21800
21800
21800
21800
21800
21800
24800
24800
24800
24800
24800
24800
24800
24800
24800
24800
24800
24800
-23400
-23400
-23400
-23400
-23400
-23400
-23400
-23400
-23400
-23400
-23400
-23400
-20400
-20400
-20400
-20400
-20400
-20400
-20400
-20400
-20400
-20400
-20400
-20400
-17400
-17400
-17400
-17400
-17400
-17400
-17400
-17400
-17400
-17400
-17400
-17400
-14400
-14400
-14400
-14400
-14400
-14400
-14400
-14400
-14400
-14400
-14400
-14400
-11400
-11400
-11400
-11400
-11400
-11400
-11400
-11400
-11400
-11400
-11400
-11400
-8340
-8340
-8340
-8340
-8340
-8340
-8340
-8340
-8340
-8340
-8340
-8340
-5330
-5330
-5330
-5330
-5330
-5330
-5330
-5330
-5330
-5330
-5330
-5330
-2310
-2310
-2310
-2310
-2310
-2310
-2310
-2310
-2310
-2310
-2310
-2310
708
708
708
708
708
708
708
708
708
708
708
708
3730
3730
3730
3730
3730
3730
3730
3730
3730
3730
3730
3730
6740
6740
6740
6740
6740
6740
6740
6740
6740
6740
6740
6740
9760
9760
9760
9760
9760
9760
9760
9760
9760
9760
9760
9760
12800
12800
12800
12800
12800
12800
12800
12800
12800
12800
12800
12800
15800
15800
15800
15800
15800
15800
15800
15800
15800
15800
15800
15800
18800
18800
18800
18800
18800
18800
18800
18800
18800
18800
18800
18800
21800
21800
21800
21800
21800
21800
21800
21800
21800
21800
21800
21800
24800
24800
24800
24800
24800
24800
24800
24800
24800
24800
24800
24800
-23400
-23400
-23400
-23400
-23400
-23400
-23400
-23400
-23400
-23400
-23400
-23400
-20400
-20400
-20400
-20400
-20400
-20400
-20400
-20400
-20400
-20400
-20400
-20400
-17400
-17400
-17400
-17400
-17400
-17400
-17400
-17400
-17400
-17400
-17400
-17400
-14400
-14400
-14400
-14400
-14400
-14400
-14400
-14400
-14400
-14400
-14400
-14400
-11400
-11400
-11400
-11400
-11400
-11400
-11400
-11400
-11400
-11400
-11400
-11400
-8340
-8340
-8340
-8340
-8340
-8340
-8340
-8340
-8340
-8340
-8340
-8340
-5330
-5330
-5330
-5330
-5330
-5330
-5330
-5330
-5330
-5330
-5330
-5330
-2310
-2310
-2310
-2310
-2310
-2310
-2310
-2310
-2310
-2310
-2310
-2310
708
708
708
708
708
708
708
708
708
708
708
708
3730
3730
3730
3730
3730
3730
3730
3730
3730
3730
3730
3730
6740
6740
6740
6740
6740
6740
6740
6740
6740
6740
6740
6740
9760
9760
9760
9760
9760
9760
9760
9760
9760
9760
9760
9760
12800
12800
12800
12800
12800
12800
12800
12800
12800
12800
12800
12800
15800
15800
15800
15800
15800
15800
15800
15800
15800
15800
15800
15800
18800
18800
18800
18800
18800
18800
18800
18800
18800
18800
18800
18800
21800
21800
21800
21800
21800
21800
21800
21800
21800
21800
21800
21800
24800
24800
24800
24800
24800
24800
24800
24800
24800
24800
24800
24800
-23400
-23400
-23400
-23400
-23400
-23400
-23400
-23400
-23400
-23400
-23400
-23400
-20400
-20400
-20400
-20400
-20400
-20400
-20400
-20400
-20400
-20400
-20400
-20400
-17400
-17400
-17400
-17400
-17400
-17400
-17400
-17400
-17400
-17400
-17400
-17400
-14400
-14400
-14400
-14400
-14400
-14400
-14400
-14400
-14400
-14400
-14400
-14400
-11400
-11400
-11400
-11400
-11400
-11400
-11400
-11400
-11400
-11400
-11400
-11400
-8340
-8340
-8340
-8340
-8340
-8340
-8340
-8340
-8340
-8340
-8340
-8340
-5330
-5330
-5330
-5330
-5330
-5330
-5330
-5330
-5330
-5330
-5330
-5330
-2310
-2310
-2310
-2310
-2310
-2310
-2310
-2310
-2310
-2310
-2310
-2310
708
708
708
708
708
708
708
708
708
708
708
708
3730
3730
3730
3730
3730
3730
3730
3730
3730
3730
3730
3730
6740
6740
6740
6740
6740
6740
6740
6740
6740
6740
6740
6740
9760
9760
9760
9760
9760
9760
9760
9760
9760
9760
9760
9760
12800
12800
12800
12800
12800
12800
12800
12800
12800
12800
12800
12800
15800
15800
15800
15800
15800
15800
15800
15800
15800
15800
15800
15800
18800
18800
18800
18800
18800
18800
18800
18800
18800
18800
18800
18800
21800
21800
21800
21800
21800
21800
21800
21800
21800
21800
21800
21800
24800
24800
24800
24800
24800
24800
24800
24800
24800
24800
24800
24800