692
662
633
582
567
589
655
720
761
821
810
751
707
671
619
545
527
550
669
744
809
842
822
709
728
652
567
482
475
558
692
763
859
881
832
722
727
651
486
322
338
508
707
810
878
891
848
735
721
622
382
125
115
325
656
820
859
890
849
724
722
615
286
0
17
260
628
805
866
885
835
759
784
544
163
62
0
349
675
777
820
842
861
807
772
586
0
0
229
540
715
727
764
784
807
823
740
556
280
114
343
609
692
674
652
682
717
792
697
587
452
410
488
613
665
629
599
629
685
792
667
557
554
553
578
608
608
584
559
582
648
778
649
614
595
589
598
604
527
510
550
569
661
761
608
586
590
591
613
577
502
468
490
573
657
730
586
581
596
577
588
553
497
489
503
607
641
678
586
607
558
560
576
556
586
604
557
583
596
665
631
598
582
574
549
570
574
613
558
555
546
649
614
601
576
557
569
613
633
611
550
532
538
646
692
636
596
561
575
595
636
692
723
816
783
810
686
665
587
540
532
565
662
731
763
824
793
758
716
627
559
492
488
588
693
783
829
859
819
748
723
659
506
368
382
551
718
813
854
881
828
762
730
631
409
177
202
373
675
823
848
875
826
777
747
623
309
0
49
334
643
814
855
888
822
788
818
594
179
74
0
360
694
775
808
839
854
794
844
609
0
0
206
533
726
773
811
804
814
817
814
676
310
116
352
609
707
727
742
777
788
821
757
661
504
414
492
620
672
682
666
710
761
816
680
601
571
549
574
612
636
637
629
643
710
795
653
623
595
594
597
614
593
603
609
629
693
740
610
584
582
592
620
607
567
580
580
624
662
710
549
548
586
573
584
602
574
572
590
652
674
698
549
586
525
544
572
592
620
632
620
656
671
685
599
568
541
560
541
583
615
649
622
631
655
692
602
565
578
569
581
625
650
664
627
620
642
698
605
592
545
513
525
564
587
631
684
763
720
766
624
592
540
506
531
581
637
704
718
769
744
699
634
553
520
475
477
579
645
746
784
772
736
704
652
625
504
411
411
548
695
771
814
795
764
732
679
619
434
256
302
448
661
800
833
815
766
733
686
625
347
74
133
431
639
768
810
848
764
755
860
634
314
177
109
413
707
720
764
776
816
767
869
647
267
222
297
541
707
741
778
774
769
785
841
723
387
267
417
617
704
719
757
780
778
784
769
672
532
456
508
609
660
691
674
741
766
802
629
584
544
522
550
594
619
622
618
642
700
746
581
565
550
525
542
578
603
594
596
628
662
720
547
523
554
534
577
576
599
611
580
616
630
658
510
512
572
513
534
569
582
585
588
630
638
657
499
535
499
499
527
559
615
610
608
660
640
655
549
524
510
522
504
550
579
626
616
671
689
660
548
537
539
532
529
578
624
622
613
644
663
662
521
492
461
449
439
501
523
515
596
616
592
665
535
486
451
458
480
532
609
611
631
664
648
621
548
484
473
426
451
538
567
624
701
666
635
632
592
539
466
412
422
520
628
695
731
702
674
638
596
565
444
339
366
494
620
716
716
700
678
654
602
596
405
236
308
490
607
677
705
736
675
687
769
620
439
306
292
523
651
642
703
696
730
696
769
664
412
363
402
543
641
684
716
713
693
699
782
675
464
390
459
574
646
673
724
673
686
714
674
634
486
450
522
554
615
629
635
684
697
708
573
535
497
479
506
528
564
564
566
600
653
671
508
494
462
467
475
499
529
566
542
557
581
615
456
453
483
456
485
507
547
534
533
552
564
580
444
449
469
442
464
500
534
570
548
558
583
579
404
421
436
429
451
494
539
542
561
583
567
592
481
451
438
463
416
487
525
550
570
598
600
597
492
467
464
464
466
512
531
554
571
618
619
589
