-12
-2
10
20
26
26
12
-4
-19
-28
-30
-16
14
20
19
19
15
18
5
0
-14
-32
-36
-26
29
29
24
8
-4
-13
-18
-22
-15
-17
-27
-15
36
37
29
26
14
-18
-33
-29
-17
-13
-19
-21
47
43
32
26
37
6
-31
-22
-15
-8
-17
-34
84
86
47
0
2
-28
-23
-15
-2
0
-12
-37
140
119
66
23
0
-61
-23
5
22
27
2
-26
94
80
0
0
-37
-38
-10
30
59
57
28
-9
-7
-19
-54
-40
-48
-28
-2
31
55
51
29
3
-89
-81
-80
-59
-34
-14
1
7
8
2
-6
-11
-103
-95
-79
-47
-16
11
21
6
-20
-31
-30
-16
-92
-84
-61
-35
-7
25
44
36
9
-9
-9
3
-65
-58
-42
-25
-7
12
25
35
33
31
32
26
-36
-32
-21
-11
-8
-8
-27
-29
7
55
66
46
-13
-9
3
9
5
-6
-42
-52
-1
60
68
36
4
13
27
37
28
6
-25
-30
2
36
28
4
19
36
54
69
55
22
-13
-28
-29
-30
-25
-17
-11
-2
9
19
22
20
11
-3
-17
-24
-25
-10
11
20
19
20
15
16
4
-1
-11
-24
-27
-12
27
28
28
23
12
-1
-10
-14
-12
-14
-18
-9
35
38
40
44
34
3
-17
-22
-14
-11
-15
-18
52
48
40
42
54
20
-19
-17
-11
-6
-16
-32
84
83
62
0
21
-22
-18
-8
1
4
-9
-33
118
109
78
21
0
-58
-23
11
24
31
7
-22
76
64
0
0
-48
-44
-10
34
56
46
30
-6
-8
-26
-71
-58
-56
-31
-4
25
46
45
27
2
-72
-76
-85
-69
-46
-20
-3
4
7
5
-2
-6
-91
-88
-74
-49
-24
2
12
3
-13
-23
-24
-15
-85
-79
-58
-35
-7
21
33
26
6
-7
-9
2
-60
-53
-39
-22
-6
10
19
26
25
25
28
22
-31
-29
-20
-10
-8
-10
-22
-20
8
44
53
38
-9
-7
4
8
3
-11
-35
-38
-3
40
52
32
7
15
24
35
25
2
-22
-25
-3
19
21
10
20
33
52
62
46
19
-10
-22
-24
-24
-20
-13
-7
-2
8
15
19
16
10
-3
-15
-20
-18
-4
9
17
19
19
18
13
5
-1
-8
-16
-17
-5
23
25
30
25
16
10
-1
-6
-8
-9
-10
-4
31
37
44
54
49
18
-5
-15
-10
-8
-10
-11
44
47
47
60
65
33
-8
-13
-8
-6
-13
-23
63
79
65
15
42
-9
-13
-4
4
7
-7
-29
96
90
75
1
-33
-51
-21
13
24
31
10
-19
55
45
1
-16
-56
-48
-9
33
47
40
26
-5
-9
-29
-76
-78
-62
-31
-2
23
40
38
23
1
-60
-70
-85
-75
-51
-23
-5
2
7
7
0
-6
-75
-71
-65
-44
-27
-6
5
1
-9
-17
-18
-11
-67
-62
-48
-31
-8
13
22
16
3
-7
-9
-3
-46
-40
-35
-18
-6
9
17
21
18
17
19
17
-26
-24
-18
-8
-6
-7
-16
-9
10
34
39
31
-7
-3
4
6
0
-11
-31
-27
-1
31
38
26
9
17
22
31
21
2
-14
-18
-1
18
20
12
17
30
43
47
34
15
-4
-14
-15
-13
-11
-8
-5
-2
8
14
15
13
7
-2
-12
-14
-12
0
8
12
16
19
19
14
5
2
-5
-10
-8
2
18
23
30
23
19
15
4
-2
-3
-3
-3
1
27
31
43
54
49
28
6
-9
-6
-6
-6
-6
36
43
45
63
62
34
0
-8
-5
-5
-11
-15
47
59
53
24
43
-2
-7
-1
5
6
-6
-22
67
65
55
-8
-41
-41
-18
12
20
26
12
-15
39
32
-1
-26
-56
-47
-9
26
37
36
20
-4
-11
-31
-65
-70
-56
-27
-3
17
30
27
16
3
-42
-53
-71
-64
-48
-20
-4
2
4
6
1
-5
-56
-53
-54
-43
-26
-9
0
0
-6
-12
-13
-8
-47
-45
-37
-25
-9
4
10
9
2
-4
-8
-5
-33
-30
-27
-13
-4
6
10
12
11
12
12
10
-19
-17
-14
-6
-4
-4
-6
0
10
21
27
22
-5
-1
2
5
-1
-9
-19
-14
3
19
23
18
9
16
20
24
15
1
-9
-11
1
11
14
9
15
26
34
34
25
13
-2
-7
-7
-4
-4
-3
