64600
67600
70600
73700
76700
79700
82700
85800
88800
91800
94800
97900
101000
104000
107000
110000
113000
64600
67600
70600
73700
76700
79700
82700
85800
88800
91800
94800
97900
101000
104000
107000
110000
113000
62700
65100
67500
69900
72300
74700
77100
79600
82000
84400
86800
89200
91600
94000
96400
98800
101000
104000
106000
108000
111000
113000
62700
65100
67500
69900
72300
74700
77100
79600
82000
84400
86800
89200
91600
94000
96400
98800
101000
104000
106000
108000
111000
113000
62700
65100
67500
69900
72300
74700
77100
79600
82000
84400
86800
89200
91600
94000
96400
98800
101000
104000
106000
108000
111000
113000
64600
67600
70600
73700
76700
79700
82700
85800
88800
91800
94800
97900
101000
104000
107000
110000
113000
64600
67600
70600
73700
76700
79700
82700
85800
88800
91800
94800
97900
101000
104000
107000
110000
113000
62700
65100
67500
69900
72300
74700
77100
79600
82000
84400
86800
89200
91600
94000
96400
98800
101000
104000
106000
108000
111000
113000
62700
65100
67500
69900
72300
74700
77100
79600
82000
84400
86800
89200
91600
94000
96400
98800
101000
104000
106000
108000
111000
113000
62700
65100
67500
69900
72300
74700
77100
79600
82000
84400
86800
89200
91600
94000
96400
98800
101000
104000
106000
108000
111000
113000
62700
65100
67500
69900
72300
74700
77100
79600
82000
84400
86800
89200
91600
94000
96400
98800
101000
104000
106000
108000
111000
113000
62700
65100
67500
69900
72300
74700
77100
79600
82000
84400
86800
89200
91600
94000
96400
98800
101000
104000
106000
108000
111000
113000
62700
65100
67500
69900
72300
74700
77100
79600
82000
84400
86800
89200
91600
94000
96400
98800
101000
104000
106000
108000
111000
113000
64600
67600
70600
73700
76700
79700
82700
85800
88800
91800
94800
97900
101000
104000
107000
110000
113000
64600
67600
70600
73700
76700
79700
82700
85800
88800
91800
94800
97900
101000
104000
107000
110000
113000
62700
65100
67500
69900
72300
74700
77100
79600
82000
84400
86800
89200
91600
94000
96400
98800
101000
104000
106000
108000
111000
113000
62700
65100
67500
69900
72300
74700
77100
79600
82000
84400
86800
89200
91600
94000
96400
98800
101000
104000
106000
108000
111000
113000
62700
65100
67500
69900
72300
74700
77100
79600
82000
84400
86800
89200
91600
94000
96400
98800
101000
104000
106000
108000
111000
113000
64600
67600
70600
73700
76700
79700
82700
85800
88800
91800
94800
97900
101000
104000
107000
110000
113000
64600
67600
70600
73700
76700
79700
82700
85800
88800
91800
94800
97900
101000
104000
107000
110000
113000
62700
65100
67500
69900
72300
74700
77100
79600
82000
84400
86800
89200
91600
94000
96400
98800
101000
104000
106000
108000
111000
113000
62700
65100
67500
69900
72300
74700
77100
79600
82000
84400
86800
89200
91600
94000
96400
98800
101000
104000
106000
108000
111000
113000
62700
65100
67500
69900
72300
74700
77100
79600
82000
84400
86800
89200
91600
94000
96400
98800
101000
104000
106000
108000
111000
113000
64600
67600
70600
73700
76700
79700
82700
85800
88800
91800
94800
97900
101000
104000
107000
110000
113000
64600
67600
70600
73700
76700
79700
82700
85800
88800
91800
94800
97900
101000
104000
107000
110000
113000
62700
65100
67500
69900
72300
74700
77100
79600
82000
84400
86800
89200
91600
94000
96400
98800
101000
104000
106000
108000
111000
113000
62700
65100
67500
69900
72300
74700
77100
79600
82000
84400
86800
89200
91600
94000
96400
98800
101000
104000
106000
108000
111000
113000
62700
65100
67500
69900
72300
74700
77100
79600
82000
84400
86800
89200
91600
94000
96400
98800
101000
104000
106000
108000
111000
113000
64600
67600
70600
73700
76700
79700
82700
85800
88800
91800
94800
97900
101000
104000
107000
110000
113000
64600
67600
70600
73700
76700
79700
82700
85800
88800
91800
94800
97900
101000
104000
107000
110000
113000
62700
65100
67500
69900
72300
74700
77100
79600
82000
84400
86800
89200
91600
94000
96400
98800
101000
104000
106000
108000
111000
113000
62700
65100
67500
69900
72300
74700
77100
79600
82000
84400
86800
89200
91600
94000
96400
98800
101000
104000
106000
108000
111000
113000
62700
65100
67500
69900
72300
74700
77100
79600
82000
84400
86800
89200
91600
94000
96400
98800
101000
104000
106000
108000
111000
113000
62700
65100
67500
69900
72300
74700
77100
79600
82000
84400
86800
89200
91600
94000
96400
98800
101000
104000
106000
108000
111000
113000
62700
65100
67500
69900
72300
74700
77100
79600
82000
84400
86800
89200
91600
94000
96400
98800
101000
104000
106000
108000
111000
113000
62700
65100
67500
69900
72300
74700
77100
79600
82000
84400
86800
89200
91600
94000
96400
98800
101000
104000
106000
108000
111000
113000
64600
67600
70600
73700
76700
79700
82700
85800
88800
91800
94800
97900
101000
104000
107000
110000
113000
64600
67600
70600
73700
76700
79700
82700
85800
88800
91800
94800
97900
101000
104000
107000
110000
113000
62700
65100
67500
69900
72300
74700
77100
79600
82000
84400
86800
89200
91600
94000
96400
98800
101000
104000
106000
108000
111000
113000
62700
65100
67500
69900
72300
74700
77100
79600
82000
84400
86800
89200
91600
94000
96400
98800
101000
104000
106000
108000
111000
113000
62700
65100
67500
69900
72300
74700
77100
79600
82000
84400
86800
89200
91600
94000
96400
98800
101000
104000
106000
108000
111000
113000
64600
67600
70600
73700
76700
79700
82700
85800
88800
91800
94800
97900
101000
104000
107000
110000
113000
64600
67600
70600
73700
76700
79700
82700
85800
88800
91800
94800
97900
101000
104000
107000
110000
113000
62700
65100
67500
69900
72300
74700
77100
79600
82000
84400
86800
89200
91600
94000
96400
98800
101000
104000
106000
108000
111000
113000
62700
65100
67500
69900
72300
74700
77100
79600
82000
84400
86800
89200
91600
94000
96400
98800
101000
104000
106000
108000
111000
113000
62700
65100
67500
69900
72300
74700
77100
79600
82000
84400
86800
89200
91600
94000
96400
98800
101000
104000
106000
108000
111000
113000
64600
67600
70600
73700
76700
79700
82700
85800
88800
91800
94800
97900
101000
104000
107000
110000
113000
64600
67600
70600
73700
76700
79700
82700
85800
88800
91800
94800
97900
101000
104000
107000
110000
113000
62700
65100
67500
69900
72300
74700
77100
79600
82000
84400
86800
89200
91600
94000
96400
98800
101000
104000
106000
108000
111000
113000
62700
65100
67500
69900
72300
74700
77100
79600
82000
84400
86800
89200
91600
94000
96400
98800
101000
104000
106000
108000
111000
113000
62700
65100
67500
69900
72300
74700
77100
79600
82000
84400
86800
89200
91600
94000
96400
98800
101000
104000
106000
108000
111000
113000
64600
67600
70600
73700
76700
79700
82700
85800
88800
91800
94800
97900
101000
104000
107000
110000
113000
64600
67600
70600
73700
76700
79700
82700
85800
88800
91800
94800
97900
101000
104000
107000
110000
113000
62700
65100
67500
69900
72300
74700
77100
79600
82000
84400
86800
89200
91600
94000
96400
98800
101000
104000
106000
108000
111000
113000
62700
65100
67500
69900
72300
74700
77100
79600
82000
84400
86800
89200
91600
94000
96400
98800
101000
104000
106000
108000
111000
113000
62700
65100
67500
69900
72300
74700
77100
79600
82000
84400
86800
89200
91600
94000
96400
98800
101000
104000
106000
108000
111000
113000
62700
65100
67500
69900
72300
74700
77100
79600
82000
84400
86800
89200
91600
94000
96400
98800
101000
104000
106000
108000
111000
113000
62700
65100
67500
69900
72300
74700
77100
79600
82000
84400
86800
89200
91600
94000
96400
98800
101000
104000
106000
108000
111000
113000
62700
65100
67500
69900
72300
74700
77100
79600
82000
84400
86800
89200
91600
94000
96400
98800
101000
104000
106000
108000
111000
113000
64600
67600
70600
73700
76700
79700
82700
85800
88800
91800
94800
97900
101000
104000
107000
110000
113000
64600
67600
70600
73700
76700
79700
82700
85800
88800
91800
94800
97900
101000
104000
107000
110000
113000
62700
65100
67500
69900
72300
74700
77100
79600
82000
84400
86800
89200
91600
94000
96400
98800
101000
104000
106000
108000
111000
113000
62700
65100
67500
69900
72300
74700
77100
79600
82000
84400
86800
89200
91600
94000
96400
98800
101000
104000
106000
108000
111000
113000
62700
65100
67500
69900
72300
74700
77100
79600
82000
84400
86800
89200
91600
94000
96400
98800
101000
104000
106000
108000
111000
113000
64600
67600
70600
73700
76700
79700
82700
85800
88800
91800
94800
97900
101000
104000
107000
110000
113000
64600
67600
70600
73700
76700
79700
82700
85800
88800
91800
94800
97900
101000
104000
107000
110000
113000
62700
65100
67500
69900
72300
74700
77100
79600
82000
84400
86800
89200
91600
94000
96400
98800
101000
104000
106000
108000
111000
113000
62700
65100
67500
69900
72300
74700
77100
79600
82000
84400
86800
89200
91600
94000
96400
98800
101000
104000
106000
108000
111000
113000
62700
65100
67500
69900
72300
74700
77100
79600
82000
84400
86800
89200
91600
94000
96400
98800
101000
104000
106000
108000
111000
113000
64600
67600
70600
73700
76700
79700
82700
85800
88800
91800
94800
97900
101000
104000
107000
110000
113000
64600
67600
70600
73700
76700
79700
82700
85800
88800
91800
94800
97900
101000
104000
107000
110000
113000
62700
65100
67500
69900
72300
74700
77100
79600
82000
84400
86800
89200
91600
94000
96400
98800
101000
104000
106000
108000
111000
113000
62700
65100
67500
69900
72300
74700
77100
79600
82000
84400
86800
89200
91600
94000
96400
98800
101000
104000
106000
108000
111000
113000
62700
65100
67500
69900
72300
74700
77100
79600
82000
84400
86800
89200
91600
94000
96400
98800
101000
104000
106000
108000
111000
113000
64600
67600
70600
73700
76700
79700
82700
85800
88800
91800
94800
97900
101000
104000
107000
110000
113000
64600
67600
70600
73700
76700
79700
82700
85800
88800
91800
94800
97900
101000
104000
107000
110000
113000
62700
65100
67500
69900
72300
74700
77100
79600
82000
84400
86800
89200
91600
94000
96400
98800
101000
104000
106000
108000
111000
113000
62700
65100
67500
69900
72300
74700
77100
79600
82000
84400
86800
89200
91600
94000
96400
98800
101000
104000
106000
108000
111000
113000
62700
65100
67500
69900
72300
74700
77100
79600
82000
84400
86800
89200
91600
94000
96400
98800
101000
104000
106000
108000
111000
113000