20
7
-2
-10
0
-12
0
5
0
1
0
0
0
5
18
8
-4
19
6
-11
-5
-3
-27
0
14
-7
-2
0
0
0
-33
22
8
-3
-18
9
1
-21
-5
8
1
-13
0
0
-16
-21
-11
34
79
35
-41
-89
-18
0
-5
-5
-47
-3
-7
-19
-4
8
-8
-22
0
0
-20
-34
-23
45
94
38
-44
-108
-42
-16
-8
-5
-61
-20
-16
-17
-8
5
-10
-20
0
0
-23
-43
-24
53
103
38
-39
-104
-68
-31
-15
-6
11
9
3
0
0
6
0
-7
0
-9
0
25
4
0
0
-8
-10
14
18
3
-1
0
18
0
-13
0
-14
15
44
2
0
-7
-12
-11
0
2
18
18
0
-6
4
39
0
0
-41
-16
-21
0
43
51
-5
-30
-26
-21
-17
-8
-21
-11
11
13
-5
-8
17
45
0
0
-67
-41
-26
0
54
64
-1
-47
-46
-36
-19
-9
-41
-24
-3
7
-7
-5
27
51
0
0
-89
-59
-22
0
67
73
0
-48
-59
-45
-25
-10
-17
-30
20
36
-14
-22
5
40
-46
-87
-25
-44
-17
-10
1
22
37
12
-22
-30
-25
-11
-22
-32
16
29
-9
-21
15
42
-45
-90
-41
-58
-14
-8
6
37
47
18
-21
-32
-25
-11
-32
-32
-1
23
-5
-12
27
45
-35
-98
-58
-74
-20
-2
22
45
49
23
-18
-32
-25
-13
1
19
14
-21
-5
26
-42
-18
-13
-17
-2
-3
27
0
-20
-19
-13
-17
23
22
-28
-3
37
-61
-32
-27
-22
-7
1
35
0
-29
-26
-13
-10
-25
-12
0
-9
1
10
10
-18
0
-8
-64
-16
3
2
3
87
62
-26
-40
-32
-15
-17
-32
-15
-2
-5
3
19
19
-12
0
-17
-75
-26
4
3
6
98
65
-14
-38
-29
-15
-25
-33
-16
3
1
11
30
28
-8
0
-29
-87
-47
7
8
8
88
64
-6
-31
-29
-14
-26
-12
2
0
0
-6
2
-4
-20
0
0
0
0
22
-25
-29
-14
-23
-20
1
2
2
-2
3
-10
-37
0
0
-21
31
38
-37
-40
-16
-13
-36
-35
-8
9
12
26
31
54
-13
-68
-18
0
0
-11
0
0
-3
-43
-52
-40
-19
-16
-33
-29
-11
8
21
39
52
61
-11
-68
-26
0
0
-14
0
0
0
-40
-52
-38
-20
-19
-30
-23
-7
12
30
50
68
55
-7
-58
-32
0
0
-15
0
0
-3
-39
-50
-36
-19
-24
-17
1
-4
12
16
3
-7
-5
0
0
0
0
-28
-41
-32
-16
-32
-25
1
1
24
34
20
-24
-3
0
0
0
0
-44
-61
-48
-19
-20
-30
-20
-4
1
15
45
62
60
18
-10
41
0
0
-7
0
0
-97
-95
-80
-50
-20
-18
-25
-18
-3
9
26
58
78
74
25
-6
48
0
0
-12
0
0
-108
-105
-84
-51
-22
-16
-20
-12
3
18
43
69
86
78
33
10
55
0
0
-19
0
0
-105
-110
-83
-51
-21
-10
-6
3
7
0
33
29
7
37
20
-10
-16
-66
-80
-62
-43
-18
-14
-8
4
0
7
54
45
21
48
30
-17
-31
-110
-130
-98
-62
-22
-10
-11
-7
4
7
8
29
63
66
45
41
64
51
-8
-37
-71
-149
-166
-137
-101
-58
-26
-8
-11
-4
7
14
25
50
78
80
63
61
82
66
-9
-46
-78
-157
-184
-160
-114
-63
-29
-5
-7
0
12
26
41
68
88
89
72
76
98
77
-10
-49
-77
-164
-194
-165
-114
-62
-30
3
1
6
18
25
16
17
37
61
65
67
66
38
-7
-50
-93
-145
-165
-141
-100
-56
-27
4
4
10
21
27
29
39
56
77
75
80
76
46
-8
-61
-112
-163
-181
-160
-112
-64
-31
6
7
13
26
35
42
58
73
84
84
89
84
53
-11
-67
-117
-175
-188
-164
-115
-61
-31
1
3
15
17
0
9
31
28
33
13
-10
-36
-73
-89
-68
-39
-21
1
6
23
20
2
21
51
48
53
24
-17
-59
-109
-131
-100
-60
-26
14
13
20
34
42
29
16
28
49
60
57
45
22
-9
-50
-93
-127
-135
-119
-85
-48
-26
15
16
23
37
45
35
35
42
63
72
70
54
29
-13
-57
-102
-135
-148
-133
-98
-57
-29
17
21
27
40
49
46
50
56
74
80
76
60
32
-13
-63
-110
-141
-155
-140
-104
-61
-28
12
13
24
28
5
5
24
31
20
8
-14
-35
-64
-69
-49
-29
-13
15
20
36
40
11
15
35
44
32
10
-18
-56
-92
-98
-79
-44
-20
17
25
34
43
49
41
27
25
37
44
40
31
9
-15
-44
-71
-94
-96
-86
-58
-34
-18
18
27
36
45
51
45
35
33
49
54
52
35
13
-19
-51
-80
-104
-109
-97
-71
-43
-20
19
29
37
46
53
51
42
44
56
61
57
38
12
-22
-55
-90
-111
-117
-104
-77
-46
-19
20
26
28
27
16
6
11
18
12
2
-16
-32
-41
-46
-30
-16
-15
25
34
40
39
24
13
19
26
20
3
-20
-44
-60
-61
-47
-26
-16
19
28
38
46
51
44
32
21
16
24
24
14
1
-17
-38
-50
-62
-63
-55
-38
-25
-14
20
30
41
50
53
47
38
26
27
33
28
18
0
-18
-45
-58
-74
-74
-65
-47
-31
-14
21
31
42
50
54
50
44
34
36
41
32
21
-2
-21
-48
-64
-79
-79
-71
-54
-34
-13
15
24
28
27
19
8
2
3
3
-3
-14
-22
-23
-22
-13
-9
-8
19
31
38
37
27
13
5
7
4
-4
-17
-30
-31
-32
-22
-15
-11
12
25
36
42
44
40
30
17
8
8
10
3
-5
-20
-27
-38
-36
-34
-31
-22
-15
-8
14
27
39
47
51
45
35
21
14
12
12
4
-5
-20
-30
-41
-41
-42
-37
-29
-19
-8
15
28
39
48
50
45
37
27
21
19
17
8
-5
-21
-32
-44
-48
-48
-42
-31
-21
-8
5
18
30
36
38
31
21
13
6
3
2
0
-8
-15
-20
-21
-17
-13
-12
-8
-6
-3
8
21
31
39
40
34
24
17
8
6
4
2
-8
-15
-23
-23
-19
-17
-15
-13
-8
-4
11
22
33
41
40
34
26
20
14
11
6
4
-8
-15
-25
-24
-22
-21
-19
-17
-9
-4
8
18
20
24
15
6
0
0
0
-6
-10
-12
-10
-4
-2
-3
-2
11
23
28
29
18
10
3
2
0
-7
-14
-17
-13
-8
-4
-5
-2
7
14
20
22
19
14
10
8
6
5
5
2
-6
-12
-12
-9
-5
-1
1
-1
0
1
9
15
21
23
21
16
11
10
8
6
6
1
-6
-13
-13
-11
-8
-5
-2
-2
0
1
11
17
24
24
23
17
14
12
9
8
6
1
-6
-13
-15
-14
-11
-8
-4
-2
-1
1
6
9
11
6
3
2
3
5
3
-4
-6
-5
-1
3
2
-1
3
10
14
14
9
4
4
5
6
4
-5
-10
-7
-2
3
3
0
3
12
13
12
9
3
-1
0
4
7
8
8
3
-3
-8
-10
-6
-2
2
6
4
5
4
11
14
14
10
4
0
0
5
9
9
7
3
-3
-9
-11
-7
-3
1
5
6
6
4
12
18
15
10
3
0
2
6
9
9
7
3
-3
-9
-12
-9
-4
0
4
5
7
4
7
3
1
-3
-1
2
5
5
1
-1
-2
-3
0
1
4
1
-1
10
6
2
-4
-3
4
6
7
2
-2
-5
-5
-1
2
6
3
2
9
10
6
3
-4
-8
-3
5
8
7
5
0
-2
-3
-5
-3
-1
1
5
6
4
2
8
11
10
5
-3
-9
-4
6
9
7
5
2
-1
-4
-7
-6
-3
1
6
8
6
3
11
13
11
5
-4
-9
-5
4
8
7
5
2
0
-5
-10
-8
-3
3
8
11
8
4
2
0
1
-4
-3
6
4
1
1
0
0
2
1
-1
-1
-4
-12
3
2
1
-6
-2
7
5
1
0
-1
0
0
0
0
2
-2
-8
3
3
4
3
-4
-8
-2
5
7
3
1
-1
-1
-1
-2
-1
-1
0
2
4
0
-2
3
4
6
3
-5
-10
-4
4
8
4
2
0
0
-2
-4
-4
-2
1
4
6
4
1
3
6
8
4
-5
-11
-5
3
8
4
2
0
1
-2
-5
-6
-3
2
5
8
6
2