92
186
46
19
56
78
0
79
0
52
0
0
0
45
197
262
294
127
292
73
48
131
138
0
137
33
55
0
0
0
132
357
407
385
94
219
357
192
46
165
204
230
0
0
242
122
99
67
148
31
36
171
363
516
518
407
216
282
415
258
162
285
387
291
0
0
310
246
162
110
164
32
57
239
439
604
619
485
308
385
485
379
326
402
502
299
0
0
345
355
217
145
180
31
46
230
460
661
691
527
85
173
72
0
0
83
0
96
0
61
0
17
29
0
151
274
302
112
291
79
40
2
136
0
157
0
69
21
54
42
0
253
429
381
0
187
354
157
0
153
220
218
0
0
245
121
105
0
115
106
81
122
270
461
529
384
135
253
408
238
151
283
375
245
0
0
318
275
129
0
133
124
120
207
410
576
601
442
274
354
475
368
326
401
504
306
0
0
355
363
117
0
144
141
155
251
462
658
665
506
59
198
338
260
141
155
210
214
114
82
220
195
75
13
79
91
106
128
281
448
508
383
163
259
409
341
254
284
332
284
137
81
248
278
91
18
115
123
147
221
383
554
581
428
307
347
456
423
372
401
432
337
152
102
251
319
95
28
134
143
176
320
487
636
626
476
49
165
93
17
28
69
48
78
53
34
4
19
52
0
155
245
275
86
267
166
54
96
140
77
132
113
48
22
43
76
37
271
411
354
114
197
321
308
166
99
164
190
168
0
229
239
9
6
93
41
95
229
348
450
475
373
224
293
388
385
278
250
289
288
140
0
237
302
21
12
127
58
116
285
428
562
551
416
333
355
476
483
392
394
398
350
155
0
229
344
58
25
154
74
119
288
484
616
620
444
47
147
123
0
0
91
49
78
135
0
0
0
0
105
186
222
270
81
247
193
18
59
157
79
113
211
0
0
39
16
204
321
384
330
170
258
327
282
158
130
182
229
177
68
266
221
0
0
159
0
0
297
421
483
469
379
274
346
394
390
284
265
307
287
177
67
271
298
0
0
213
0
0
340
492
566
544
438
385
439
469
469
396
369
404
326
182
81
289
344
0
0
251
0
0
360
522
615
600
462
125
147
124
15
34
108
33
55
108
0
0
0
0
159
239
221
233
209
253
195
60
76
180
75
119
137
0
0
0
0
257
376
369
290
265
333
347
309
192
131
166
228
211
182
247
177
0
0
144
0
0
324
447
487
437
334
372
404
430
378
287
231
271
293
258
244
283
247
0
0
171
0
0
368
515
570
513
398
455
472
492
475
386
378
368
351
304
275
322
283
0
0
205
0
0
372
542
610
578
424
171
158
136
44
0
104
88
83
95
25
18
30
47
163
221
206
221
255
261
219
49
16
174
156
157
123
44
42
59
91
273
346
333
279
350
346
342
317
186
76
118
217
249
220
209
146
92
78
102
87
152
334
422
446
405
333
426
433
437
391
271
197
222
293
323
316
296
206
135
91
123
105
168
377
489
529
489
383
496
495
505
468
380
321
347
371
380
370
352
270
164
117
155
123
207
401
535
582
541
432
378
372
375
321
199
98
118
232
279
273
249
217
177
153
151
165
231
341
403
414
365
307
450
445
447
393
270
199
224
304
360
337
307
259
214
187
193
216
280
384
465
485
441
358
515
513
515
465
361
307
341
390
408
385
357
299
245
214
227
241
324
422
500
528
486
376
192
187
147
64
0
85
130
114
111
80
65
75
112
177
205
181
216
279
287
236
87
38
164
214
186
174
134
116
127
170
271
315
286
262
379
376
357
330
225
145
178
256
295
297
274
255
227
206
218
244
293
347
378
376
326
290
451
443
426
389
307
224
271
329
364
357
326
302
269
259
264
288
332
396
434
447
401
336
515
516
494
453
396
330
366
396
418
402
366
330
302
283
297
322
369
433
482
516
452
338
222
184
150
94
76
106
150
164
131
115
108
117
162
189
171
138
180
310
285
241
156
137
191
218
234
204
182
163
180
236
274
284
239
239
408
392
368
340
295
265
258
277
308
310
298
285
260
254
264
288
311
334
355
326
277
252
459
449
433
397
357
319
321
339
375
364
359
336
311
302
318
336
360
392
410
397
360
280
513
508
487
451
412
385
381
399
420
412
393
369
354
344
355
378
404
446
467
463
406
300
254
216
177
145
136
132
151
183
167
147
138
165
174
196
169
127
166
345
307
266
228
211
220
241
259
257
214
213
236
256
270
259
215
202
413
402
364
340
334
310
302
300
301
315
321
306
277
281
299
301
316
330
341
319
283
238
465
459
424
397
390
361
369
358
364
373
368
349
329
333
352
353
370
387
397
383
349
264
516
509
479
452
445
417
431
409
412
417
408
392
380
384
395
398
415
432
447
442
397
280
228
209
185
177
170
173
167
165
165
174
162
183
183
167
159
129
166
311
282
266
257
247
252
253
257
228
233
242
257
245
260
250
231
207
412
395
354
339
329
317
327
321
313
326
323
298
296
314
317
318
308
324
338
316
295
226
474
453
417
406
407
379
401
383
373
376
375
355
350
355
360
360
366
381
392
385
347
239
523
497
471
460
454
435
447
435
426
417
416
402
390
394
399
401
412
429
439
434
373
254
383
389
374
352
351
342
343
339
330
337
326
313
315
318
327
329
315
315
323
302
279
229
465
437
427
409
407
392
403
395
382
390
379
365
366
360
371
368
365
377
370
374
333
257
510
485
474
459
454
446
449
451
433
421
414
414
408
403
409
405
413
419
429
424
378
268
223
212
187
220
209
188
187
171
177
181
165
190
182
159
159
127
160
309
297
274
284
276
276
262
262
248
245
245
260
245
236
212
212
189
376
360
356
346
351
351
352
348
333
333
320
308
316
292
294
287
296
297
285
276
261
208
440
425
406
404
409
410
412
401
393
384
378
373
375
369
365
352
363
367
368
354
326
239
487
479
465
457
459
465
460
455
443
437
425
426
426
425
424
416
421
429
427
417
360
253
185
187
180
194
177
202
194
171
162
158
137
122
131
119
145
124
147
286
279
266
284
288
292
269
254
238
241
219
220
208
215
215
196
186
355
321
323
332
354
347
358
351
329
322
315
313
331
288
268
276
255
291
289
275
265
211
434
399
405
398
419
409
422
404
388
388
381
382
388
372
343
364
339
362
351
353
332
241
475
472
467
459
473
466
469
458
429
434
428
439
444
441
428
419
419
419
413
409
382
252
175
176
168
171
190
178
162
150
155
150
132
111
106
94
137
96
136
260
269
262
272
285
273
234
241
251
251
223
198
185
197
234
177
183
346
316
313
318
330
356
351
333
323
309
307
320
320
291
256
261
263
269
297
272
253
224
412
402
384
396
399
414
405
402
383
380
377
387
392
380
356
351
355
353
365
354
335
248
475
459
459
471
477
464
450
444
427
429
430
436
441
452
432
423
408
415
422
407
365
269
192
166
159
185
176
197
176
171
174
169
158
146
145
140
159
147
167
261
247
247
267
264
259
253
242
259
239
216
203
211
203
234
210
201
322
326
325
339
346
346
332
321
330
318
323
341
317
300
266
270
287
281
283
289
282
234
391
371
393
406
415
411
360
370
393
386
384
399
388
374
344
348
354
340
349
350
339
266
451
425
449
479
482
451
394
435
445
432
440
432
424
439
412
408
403
398
388
390
383
280