5
3
-2
-3
-1
1
0
-4
0
0
0
0
0
11
11
8
10
13
4
-11
-6
7
1
0
-18
-2
-1
0
0
0
30
30
15
12
22
15
7
2
15
27
26
11
0
0
-24
0
-8
-22
-11
7
9
44
52
35
20
16
42
25
14
12
26
24
21
10
0
0
-24
-5
-6
-10
-10
6
14
51
62
41
27
19
43
35
19
15
18
19
15
6
0
0
-17
-8
5
12
-2
3
9
40
55
42
28
19
0
1
0
0
0
0
0
-5
0
-2
0
3
-2
0
5
9
25
2
1
-2
0
0
7
0
-8
0
-3
4
9
-1
0
15
18
24
0
8
0
-8
0
-10
-3
4
0
0
-31
-23
-14
0
14
9
4
16
25
23
25
22
9
10
-2
-14
-14
-10
2
5
0
0
-27
-32
-11
0
6
12
12
24
35
33
30
21
6
11
0
-23
-21
-6
4
5
0
0
-11
-23
-4
0
-6
9
17
22
35
33
28
20
-16
5
-10
-20
-19
-1
8
1
-9
-12
-35
-48
-22
-9
-15
-11
-11
-23
-7
9
22
24
-33
-7
-15
-33
-34
-14
3
3
1
-2
-33
-48
-25
-13
-13
-5
-8
-17
-3
12
24
21
-39
-16
-21
-42
-45
-22
2
7
18
15
-11
-36
-32
-25
-16
3
1
-6
3
16
21
18
4
-4
-1
-1
4
1
-2
-9
-10
-1
-4
-5
-4
0
-2
7
26
12
-7
-7
1
9
0
-9
-19
-30
-10
-12
-12
-8
-12
-2
14
27
-19
-9
-15
-19
-7
1
2
-2
2
0
-10
-13
0
-3
-9
-1
-10
-31
-25
-8
13
20
-38
-28
-28
-30
-15
-4
-1
-2
2
0
-3
-16
-5
-8
-5
1
-11
-34
-29
-9
10
16
-53
-38
-41
-41
-26
-12
-3
2
7
0
1
-17
-11
-16
-4
9
-3
-21
-23
-6
8
12
-4
-2
-6
0
0
-2
0
2
-6
0
0
0
0
-5
-8
3
29
-14
-8
-12
-5
-11
-8
2
1
-12
0
0
-1
0
-16
-17
3
23
-50
-43
-30
-22
-19
-28
-37
-25
3
11
12
6
0
0
-10
0
0
-18
-21
-12
7
16
-68
-56
-43
-33
-24
-27
-32
-22
-7
-6
-2
-1
0
0
-15
0
0
-18
-25
-14
1
10
-79
-67
-51
-40
-28
-26
-26
-22
-21
-32
-21
-10
0
0
-9
0
0
-18
-23
-14
-1
6
-15
-8
-5
1
-5
-6
2
1
3
0
0
0
0
-3
-3
3
26
-32
-21
-12
-2
-13
-15
8
12
9
0
0
0
0
-9
-9
2
20
-50
-47
-34
-23
-15
-1
-13
-18
-10
-12
3
1
0
0
-1
0
0
-7
-13
-7
6
15
-69
-59
-47
-32
-19
-7
-17
-27
-24
-22
-7
-6
0
0
-8
0
0
-13
-18
-11
3
9
-83
-68
-54
-40
-25
-17
-22
-34
-43
-42
-34
-20
0
0
-14
0
0
-19
-22
-14
-2
3
-13
-8
-7
-5
0
-3
-8
-7
-4
-6
-5
-3
-6
0
-2
2
27
-24
-19
-14
-9
-1
-11
-20
-20
-11
-14
-13
-10
-11
-2
-4
1
21
-43
-36
-29
-24
-14
1
-9
-20
-31
-33
-24
-21
-24
-21
-18
-17
-12
-10
-9
-5
6
16
-59
-51
-42
-32
-19
-8
-16
-34
-46
-48
-38
-30
-29
-25
-27
-26
-15
-15
-13
-8
3
10
-69
-59
-51
-40
-27
-19
-27
-44
-59
-61
-54
-40
-34
-32
-37
-37
-28
-22
-18
-10
0
5
-36
-32
-30
-24
-23
-23
-30
-32
-37
-39
-34
-30
-27
-24
-21
-20
-19
-14
-8
-1
11
18
-49
-44
-41
-34
-30
-32
-41
-47
-52
-49
-44
-39
-35
-33
-34
-34
-28
-19
-11
-3
7
12
-56
-52
-47
-41
-37
-38
-48
-58
-58
-56
-52
-46
-42
-41
-46
-45
-39
-27
-16
-7
4
8
-11
-9
-6
-3
0
-4
-10
-10
-6
-6
-4
-4
-5
-6
-2
8
30
-20
-19
-15
-11
-16
-16
-24
-23
-17
-15
-12
-12
-11
-10
-3
8
24
-26
-27
-26
-28
-28
-36
-44
-40
-37
-34
-28
-25
-21
-19
-19
-20
-19
-14
-7
2
15
20
-35
-35
-36
-37
-40
-49
-57
-51
-47
-43
-38
-33
-29
-28
-28
-29
-26
-18
-9
0
9
14
-42
-42
-43
-43
-48
-55
-61
-56
-52
-48
-43
-37
-35
-34
-37
-36
-33
-22
-13
-3
5
9
-11
-8
-8
-8
-10
-11
-11
-11
-7
-6
-4
-5
-6
-5
-2
6
26
-18
-17
-19
-22
-28
-26
-20
-19
-14
-12
-9
-10
-11
-9
-3
8
24
-21
-23
-24
-28
-35
-43
-42
-36
-30
-25
-20
-18
-15
-14
-13
-13
-13
-11
-7
-2
8
14
-23
-27
-31
-35
-43
-51
-52
-44
-39
-32
-29
-23
-22
-20
-19
-19
-18
-15
-9
-3
6
9
-27
-30
-34
-39
-47
-57
-55
-48
-43
-37
-33
-28
-26
-25
-25
-24
-21
-17
-10
-3
3
5
-9
-9
-10
-10
-13
-8
-7
-6
-5
-4
-3
-2
-2
-3
-2
0
19
-14
-15
-18
-22
-23
-19
-15
-12
-9
-6
-6
-4
-4
-4
-4
-1
12
-11
-13
-15
-20
-27
-32
-31
-27
-20
-16
-13
-9
-7
-6
-5
-3
-3
-3
-4
-3
2
7
-13
-17
-19
-25
-33
-39
-42
-35
-28
-22
-17
-14
-11
-10
-9
-8
-7
-6
-5
-3
1
4
-15
-19
-23
-28
-35
-41
-44
-38
-32
-27
-22
-18
-16
-14
-13
-12
-10
-8
-7
-4
0
2
-3
-4
-5
-5
-7
-6
-5
-2
-1
0
1
2
4
1
1
2
12
-4
-5
-7
-9
-13
-11
-9
-4
-1
0
2
3
4
3
2
4
8
-2
-2
-6
-8
-9
-14
-17
-17
-12
-8
-5
-2
0
1
3
4
5
6
4
3
4
6
-2
-2
-6
-10
-16
-21
-24
-24
-17
-11
-7
-4
-1
0
2
3
5
5
3
2
3
4
-3
-3
-7
-12
-18
-24
-28
-26
-20
-15
-11
-7
-3
-1
0
1
1
2
1
1
1
2
6
12
10
6
2
-2
-6
-5
-3
-1
2
4
7
11
13
15
16
14
10
6
5
6
9
12
9
5
-2
-6
-9
-8
-7
-3
1
2
6
9
11
13
14
10
8
6
5
5
9
12
8
3
-3
-9
-11
-13
-9
-5
-1
-1
3
6
7
9
11
9
7
4
4
4
4
4
3
2
-1
-1
1
1
3
4
5
9
9
7
3
1
6
7
7
5
2
-2
-3
-1
2
3
6
9
11
13
10
5
3
6
12
17
17
13
8
3
-3
-3
-1
0
3
3
5
9
11
12
14
11
7
4
5
3
13
15
15
11
5
0
-3
-4
-3
-2
0
1
2
4
6
10
9
7
4
3
2
2
12
14
13
9
3
-1
-4
-8
-5
-3
-2
-1
0
3
4
7
8
6
4
2
2
2
4
5
5
3
-1
-4
0
2
1
2
2
3
5
3
1
3
3
11
11
10
4
-1
-3
0
3
3
2
4
8
9
6
2
4
3
2
3
4
3
1
-4
-9
-10
-9
-8
-7
-9
-9
-7
-4
-2
0
-3
-6
-7
-5
-4
2
2
4
2
0
-4
-8
-11
-11
-9
-10
-12
-12
-10
-9
-6
-6
-6
-9
-8
-6
-6
2
6
3
3
0
-2
-8
-10
-11
-10
-13
-13
-12
-10
-9
-8
-6
-6
-7
-8
-5
-5
-18
-17
-16
-20
-25
-23
-22
-21
-20
-20
-18
-13
-12
-9
-21
-11
-11
-18
-16
-15
-19
-24
-24
-20
-23
-24
-23
-21
-18
-16
-16
-23
-16
-12
-24
-26
-25
-22
-23
-24
-27
-29
-27
-29
-31
-32
-31
-29
-29
-32
-33
-30
-30
-31
-23
-16
-16
-15
-17
-16
-17
-18
-19
-22
-24
-25
-28
-27
-26
-23
-25
-27
-27
-26
-25
-24
-17
-13
-10
-8
-9
-9
-10
-14
-13
-17
-20
-22
-22
-24
-22
-21
-22
-24
-20
-22
-20
-19
-12
-10
-42
-37
-37
-39
-40
-44
-39
-35
-36
-37
-37
-39
-38
-40
-41
-34
-20
-40
-35
-33
-35
-40
-43
-38
-37
-38
-39
-38
-39
-44
-43
-43
-37
-22
-33
-31
-28
-26
-27
-29
-30
-30
-32
-33
-34
-35
-35
-33
-31
-35
-38
-38
-36
-34
-27
-17
-22
-24
-21
-20
-21
-21
-22
-23
-27
-28
-30
-30
-29
-26
-24
-27
-29
-31
-28
-26
-21
-13
-14
-15
-15
-14
-15
-16
-16
-17
-25
-26
-28
-26
-24
-22
-21
-22
-23
-23
-20
-19
-15
-8