-19
-21
-20
-26
5
5
8
8
2
0
19
31
42
63
43
55
26
27
19
4
0
0
11
17
-7
-17
-27
-7
-16
-24
-2
-11
-18
-8
-15
-16
-21
-26
-25
-24
-29
-26
15
14
18
59
62
59
74
71
68
64
59
55
50
33
20
34
15
-2
5
-3
-17
-23
-23
-27
-3
4
0
1
0
-3
-14
-17
5
-6
0
0
34
41
45
61
45
58
43
54
10
9
-20
-37
-6
-21
-36
0
-11
-24
-9
-11
-16
-11
-8
-5
5
11
13
7
5
7
0
0
0
0
3
2
30
22
21
40
40
45
54
46
40
52
42
30
23
11
-1
-41
-48
-56
0
0
-7
-4
0
0
0
-1
0
30
17
19
0
0
3
0
28
34
39
51
21
20
-31
-52
-22
-41
-56
-7
-17
-32
-3
-9
-22
-3
1
1
24
45
65
66
89
96
30
34
41
0
-18
-12
-23
-18
-10
-3
0
8
29
24
22
47
39
31
34
30
18
-27
-31
-35
-23
-31
0
0
-12
-3
0
0
12
28
23
50
12
12
0
-12
13
8
31
44
33
45
18
26
-34
-45
-60
2
-18
-43
1
-18
-39
-10
-16
-18
22
41
59
73
106
127
79
107
126
23
46
67
-8
-1
10
-12
-14
-8
1
-3
1
39
30
25
48
45
42
34
39
30
0
-22
-51
0
-21
-57
-40
-49
-68
-45
-52
-62
0
2
6
75
97
115
108
132
158
35
74
99
13
21
32
-4
-10
-4
-18
-14
-7
16
15
23
59
61
66
72
77
73
0
7
0
0
-35
-56
-10
-20
16
22
54
80
0
0
15
13
0
-2
22
18
45
62
39
59
2
-16
-45
-35
-44
-63
-65
-67
-76
-37
-52
-62
0
0
0
0
0
0
85
69
77
18
27
26
-9
-12
-11
-15
-21
-24
-15
-13
-6
5
17
28
56
73
82
83
87
98
0
0
-28
-39
-31
-45
0
0
0
0
-8
-2
14
4
0
-22
2
-10
0
0
35
51
38
61
-20
-30
-42
-51
-51
-61
-36
-41
-41
31
27
30
0
0
0
0
0
0
-48
-61
-91
-55
-83
-108
-65
-71
-96
-37
-45
-58
-11
-8
-5
13
29
44
45
70
88
81
95
112
-25
-36
-23
-29
-10
-14
22
63
0
0
-47
-72
-60
-89
-37
-59
-1
-2
5
12
25
41
42
71
-52
-49
-47
-15
-6
-6
-21
-25
-24
0
0
0
86
110
106
-27
-39
-55
-118
-145
-165
-124
-165
-194
-91
-119
-151
-44
-70
-94
0
-6
-17
30
45
51
56
89
104
88
114
132
-34
-53
-57
-63
-66
19
35
66
71
70
67
93
109
0
0
0
0
0
0
0
0
0
0
-32
-50
-86
-100
-129
-77
-123
-148
-181
-208
-124
-171
-210
-55
-79
-57
-121
-163
0
0
-31
-74
-107
0
0
-4
-12
-10
30
56
73
0
8
74
108
124
18
46
105
136
155
48
87
0
0
0
0
0
0
91
93
101
20
36
40
-78
-108
-121
-150
-183
-206
-155
-186
-215
-74
-141
-178
-49
-101
-146
-58
-89
-101
-15
-19
-21
66
77
85
100
119
135
93
122
144
0
0
0
0
7
28
-23
-37
-78
-123
-72
-108
-2
-9
0
-6
-20
-28
36
53
37
73
38
70
84
90
97
0
0
0
-34
-34
-29
-63
-67
-68
-148
-164
-189
-171
-201
-218
-103
-148
-171
-37
-83
-115
-34
-64
-96
-50
-57
-62
0
0
0
11
12
9
52
67
72
58
76
87
49
74
-1
-3
-36
-57
-61
-102
-75
-124
-29
-48
0
-3
-30
-33
0
0
0
0
-3
7
23
38
19
11
8
-16
-11
-6
-82
-85
-77
-108
-119
-119
-149
-168
-181
-121
-140
-160
-62
-85
-113
-19
-46
-68
-7
-2
-15
13
15
18
0
0
0
-12
-13
-18
-29
-31
-29
10
13
16
-9
-5
-23
-38
-51
-81
-62
-103
-54
-86
0
-20
-1
-2
-1
18
0
20
-22
-30
-17
-30
20
26
-11
-7
0
-47
-41
-26
-87
-93
-88
-113
-123
-128
-112
-125
-139
-77
-88
-111
-28
-55
-85
-8
-25
-47
6
16
21
62
86
87
29
37
40
-44
-45
-44
-50
-52
-51
-2
-8
-11
-5
1
6
-45
-43
-36
-74
-80
-79
-81
-88
-89
-62
-68
-79
-16
-36
-70
0
-44
-78
-33
-48
-71
-8
-5
-6
28
56
70
28
51
65
-11
-9
-2
-22
-29
-27
9
8
4
-6
-3
-27
-40
-42
-65
-42
-62
-23
-27
0
0
-32
-34
-1
0
-4
8
-12
-13
5
-4
19
28
0
11
22
-33
-30
-25
-49
-49
-45
-45
-51
-57
-24
-30
-45
-5
-27
-50
-21
-50
-79
-56
-73
-82
-10
-12
-8
33
44
54
31
50
59
9
12
17
-3
-2
0
20
24
28
-5
-1
-19
-26
-22
-34
-10
-18
0
0
-8
-10
-5
-29
0
1
8
19
0
5
-7
-4
31
38
-3
10
19
-17
-11
-6
-22
-20
-18
-11
-16
-20
2
-7
-16
-13
-22
-31
-45
-52
-51
-31
-34
-31
0
0
0
0
0
0
-9
-8
-5
-8
-20
-22
-3
-6
-8
34
45
47
-8
-7
-10
-13
-7
-10
7
8
2
-2
-15
-20
0
0
0
0
-14
-25
0
-4
0
-4
15
38
-4
7
18
-11
-3
5
-7
-4
2
2
3
5
8
9
12
-5
0
6
14
11
14
39
42
38
0
0
0
0
0
0
-56
-85
-102
-31
-55
-73
-19
-30
-26
28
33
32
-6
-7
-9
-11
-9
-9
1
5
1
7
0
7
38
45
1
1
-17
-21
-1
-7
10
11
1
1
-9
-3
5
-12
-7
0
-9
-2
8
3
12
23
19
29
43
22
36
47
17
24
26
22
22
17
41
41
34
-55
-67
-69
-65
-118
-138
-33
-53
-64
25
28
35
0
0
0
-20
-16
-8
-21
-19
-12
-14
-9
1
2
12
24
25
41
56
48
73
87
58
74
81
0
0
0
-11
-13
-7
-26
-47
-48
-35
-47
-60
0
0
0
0
0
0
28
43
51
-14
-16
-16
-21
-9
-12
-4
-2
5
20
31
36
0
0
-5
-10
5
-14
0
0
0
0
-6
-13
-33
-31
-21
-5
16
47
77
95
24
3
3
0
0
-40
-30
-31
-21
5
41
82
121
116
34
9
5
0
0
-44
-26
-27
-18
13
60
110
145
111
38
12
10
0
0
-49
-25
-20
-14
-8
0
2
23
-12
25
0
0
-31
-34
-29
-19
-6
9
23
42
-5
34
0
0
-55
-41
-36
-34
-13
18
28
51
79
49
34
58
30
-5
-84
-42
-36
-35
-12
38
71
95
113
76
61
77
29
-36
-98
-36
-33
-32
-10
51
107
131
124
98
82
90
40
-41
-97