-23400
-23400
-23400
-23400
-23400
-23400
-23400
-23400
-23400
-23400
-23400
-23400
-23400
-23400
-23400
-23400
-23400
-23400
-23400
-23400
-23400
-23400
-23400
-23400
-21500
-21500
-21500
-21500
-21500
-21500
-21500
-21500
-21500
-21500
-21500
-21500
-21500
-21500
-21500
-21500
-21500
-21500
-21500
-21500
-21500
-21500
-21500
-21500
-21500
-21500
-21500
-21500
-21500
-21500
-21500
-21500
-21500
-21500
-21500
-21500
-21500
-21500
-21500
-21500
-21500
-21500
-20400
-20400
-20400
-20400
-20400
-20400
-20400
-20400
-20400
-20400
-20400
-20400
-20400
-20400
-20400
-20400
-20400
-20400
-20400
-20400
-20400
-20400
-20400
-20400
-19100
-19100
-19100
-19100
-19100
-19100
-19100
-19100
-19100
-19100
-19100
-19100
-19100
-19100
-19100
-19100
-19100
-19100
-19100
-19100
-19100
-19100
-19100
-19100
-19100
-19100
-19100
-19100
-19100
-19100
-19100
-19100
-19100
-19100
-19100
-19100
-19100
-19100
-19100
-19100
-19100
-19100
-17400
-17400
-17400
-17400
-17400
-17400
-17400
-17400
-17400
-17400
-17400
-17400
-17400
-17400
-17400
-17400
-17400
-17400
-17400
-17400
-17400
-17400
-17400
-17400
-16700
-16700
-16700
-16700
-16700
-16700
-16700
-16700
-16700
-16700
-16700
-16700
-16700
-16700
-16700
-16700
-16700
-16700
-16700
-16700
-16700
-16700
-16700
-16700
-16700
-16700
-16700
-16700
-16700
-16700
-16700
-16700
-16700
-16700
-16700
-16700
-16700
-16700
-16700
-16700
-16700
-16700
-14400
-14400
-14400
-14400
-14400
-14400
-14400
-14400
-14400
-14400
-14400
-14400
-14400
-14400
-14400
-14400
-14400
-14400
-14400
-14400
-14400
-14400
-14400
-14400
-14300
-14300
-14300
-14300
-14300
-14300
-14300
-14300
-14300
-14300
-14300
-14300
-14300
-14300
-14300
-14300
-14300
-14300
-14300
-14300
-14300
-14300
-14300
-14300
-14300
-14300
-14300
-14300
-14300
-14300
-14300
-14300
-14300
-14300
-14300
-14300
-14300
-14300
-14300
-14300
-14300
-14300
-11900
-11900
-11900
-11900
-11900
-11900
-11900
-11900
-11900
-11900
-11900
-11900
-11900
-11900
-11900
-11900
-11900
-11900
-11900
-11900
-11900
-11900
-11900
-11900
-11900
-11900
-11900
-11900
-11900
-11900
-11900
-11900
-11900
-11900
-11900
-11900
-11900
-11900
-11900
-11900
-11900
-11900
-11400
-11400
-11400
-11400
-11400
-11400
-11400
-11400
-11400
-11400
-11400
-11400
-11400
-11400
-11400
-11400
-11400
-11400
-11400
-11400
-11400
-11400
-11400
-11400
-9520
-9520
-9520
-9520
-9520
-9520
-9520
-9520
-9520
-9520
-9520
-9520
-9520
-9520
-9520
-9520
-9520
-9520
-9520
-9520
-9520
-9520
-9520
-9520
-9520
-9520
-9520
-9520
-9520
-9520
-9520
-9520
-9520
-9520
-9520
-9520
-9520
-9520
-9520
-9520
-9520
-9520
-8340
-8340
-8340
-8340
-8340
-8340
-8340
-8340
-8340
-8340
-8340
-8340
-8340
-8340
-8340
-8340
-8340
-8340
-8340
-8340
-8340
-8340
-8340
-8340
-7120
-7120
-7120
-7120
-7120
-7120
-7120
-7120
-7120
-7120
-7120
-7120
-7120
-7120
-7120
-7120
-7120
-7120
-7120
-7120
-7120
-7120
-7120
-7120
-7120
-7120
-7120
-7120
-7120
-7120
-7120
-7120
-7120
-7120
-7120
-7120
-7120
-7120
-7120
-7120
-7120
-7120
-5330
-5330
-5330
-5330
-5330
-5330
-5330
-5330
-5330
-5330
-5330
-5330
-5330
-5330
-5330
-5330
-5330
-5330
-5330
-5330
-5330
-5330
-5330
-5330
-4710
-4710
-4710
-4710
-4710
-4710
-4710
-4710
-4710
-4710
-4710
-4710
-4710
-4710
-4710
-4710
-4710
-4710
-4710
-4710
-4710
-4710
-4710
-4710
-4710
-4710
-4710
-4710
-4710
-4710
-4710
-4710
-4710
-4710
-4710
-4710
-4710
-4710
-4710
-4710
-4710
-4710
-2310
-2310
-2310
-2310
-2310
-2310
-2310
-2310
-2310
-2310
-2310
-2310
-2310
-2310
-2310
-2310
-2310
-2310
-2310
-2310
-2310
-2310
-2310
-2310
-2310
-2310
-2310
-2310
-2310
-2310
-2310
-2310
-2310
-2310
-2310
-2310
-2310
-2310
-2310
-2310
-2310
-2310
-2310
-2310
-2310
-2310
-2310
-2310
-2310
-2310
-2310
-2310
-2310
-2310
-2310
-2310
-2310
-2310
-2310
-2310
-2310
-2310
-2310
-2310
-2310
-2310
95
95
95
95
95
95
95
95
95
95
95
95
95
95
95
95
95
95
95
95
95
95
95
95
95
95
95
95
95
95
95
95
95
95
95
95
95
95
95
95
95
95
708
708
708
708
708
708
708
708
708
708
708
708
708
708
708
708
708
708
708
708
708
708
708
708
2500
2500
2500
2500
2500
2500
2500
2500
2500
2500
2500
2500
2500
2500
2500
2500
2500
2500
2500
2500
2500
2500
2500
2500
2500
2500
2500
2500
2500
2500
2500
2500
2500
2500
2500
2500
2500
2500
2500
2500
2500
2500
3730
3730
3730
3730
3730
3730
3730
3730
3730
3730
3730
3730
3730
3730
3730
3730
3730
3730
3730
3730
3730
3730
3730
3730
4900
4900
4900
4900
4900
4900
4900
4900
4900
4900
4900
4900
4900
4900
4900
4900
4900
4900
4900
4900
4900
4900
4900
4900
4900
4900
4900
4900
4900
4900
4900
4900
4900
4900
4900
4900
4900
4900
4900
4900
4900
4900
6740
6740
6740
6740
6740
6740
6740
6740
6740
6740
6740
6740
6740
6740
6740
6740
6740
6740
6740
6740
6740
6740
6740
6740
7300
7300
7300
7300
7300
7300
7300
7300
7300
7300
7300
7300
7300
7300
7300
7300
7300
7300
7300
7300
7300
7300
7300
7300
7300
7300
7300
7300
7300
7300
7300
7300
7300
7300
7300
7300
7300
7300
7300
7300
7300
7300
9710
9710
9710
9710
9710
9710
9710
9710
9710
9710
9710
9710
9710
9710
9710
9710
9710
9710
9710
9710
9710
9710
9710
9710
9710
9710
9710
9710
9710
9710
9710
9710
9710
9710
9710
9710
9710
9710
9710
9710
9710
9710
9760
9760
9760
9760
9760
9760
9760
9760
9760
9760
9760
9760
9760
9760
9760
9760
9760
9760
9760
9760
9760
9760
9760
9760
12100
12100
12100
12100
12100
12100
12100
12100
12100
12100
12100
12100
12100
12100
12100
12100
12100
12100
12100
12100
12100
12100
12100
12100
12100
12100
12100
12100
12100
12100
12100
12100
12100
12100
12100
12100
12100
12100
12100
12100
12100
12100
12800
12800
12800
12800
12800
12800
12800
12800
12800
12800
12800
12800
12800
12800
12800
12800
12800
12800
12800
12800
12800
12800
12800
12800
14500
14500
14500
14500
14500
14500
14500
14500
14500
14500
14500
14500
14500
14500
14500
14500
14500
14500
14500
14500
14500
14500
14500
14500
14500
14500
14500
14500
14500
14500
14500
14500
14500
14500
14500
14500
14500
14500
14500
14500
14500
14500
15800
15800
15800
15800
15800
15800
15800
15800
15800
15800
15800
15800
15800
15800
15800
15800
15800
15800
15800
15800
15800
15800
15800
15800
16900
16900
16900
16900
16900
16900
16900
16900
16900
16900
16900
16900
16900
16900
16900
16900
16900
16900
16900
16900
16900
16900
16900
16900
16900
16900
16900
16900
16900
16900
16900
16900
16900
16900
16900
16900
16900
16900
16900
16900
16900
16900
18800
18800
18800
18800
18800
18800
18800
18800
18800
18800
18800
18800
18800
18800
18800
18800
18800
18800
18800
18800
18800
18800
18800
18800
19300
19300
19300
19300
19300
19300
19300
19300
19300
19300
19300
19300
19300
19300
19300
19300
19300
19300
19300
19300
19300
19300
19300
19300
19300
19300
19300
19300
19300
19300
19300
19300
19300
19300
19300
19300
19300
19300
19300
19300
19300
19300
21700
21700
21700
21700
21700
21700
21700
21700
21700
21700
21700
21700
21700
21700
21700
21700
21700
21700
21700
21700
21700
21700
21700
21700
21700
21700
21700
21700
21700
21700
21700
21700
21700
21700
21700
21700
21700
21700
21700
21700
21700
21700
21800
21800
21800
21800
21800
21800
21800
21800
21800
21800
21800
21800
21800
21800
21800
21800
21800
21800
21800
21800
21800
21800
21800
21800
24100
24100
24100
24100
24100
24100
24100
24100
24100
24100
24100
24100
24100
24100
24100
24100
24100
24100
24100
24100
24100
24100
24100
24100
24100
24100
24100
24100
24100
24100
24100
24100
24100
24100
24100
24100
24100
24100
24100
24100
24100
24100
24800
24800
24800
24800
24800
24800
24800
24800
24800
24800
24800
24800
24800
24800
24800
24800
24800
24800
24800
24800
24800
24800
24800
24800
26500
26500
26500
26500
26500
26500
26500
26500
26500
26500
26500
26500
26500
26500
26500
26500
26500
26500
26500
26500
26500
26500
26500
26500
26500
26500
26500
26500
26500
26500
26500
26500
26500
26500
26500
26500
26500
26500
26500
26500
26500
26500