86
141
48
87
38
89
52
112
64
123
47
88
65
112
83
130
88
159
68
129
0
0
18
77
187
275
361
113
220
324
98
220
322
144
238
319
180
238
277
137
158
163
55
64
81
109
148
194
166
234
319
247
339
433
313
419
515
283
395
504
198
354
467
193
281
336
19
67
0
9
0
43
56
98
35
87
0
0
36
57
88
149
138
229
144
237
76
145
32
99
132
220
314
107
211
311
91
199
294
155
241
321
138
227
280
137
147
134
0
0
0
0
115
158
138
207
285
233
314
391
318
425
523
368
471
580
339
440
540
263
349
426
0
0
17
31
0
0
0
6
25
63
13
22
0
0
9
74
95
161
163
255
176
290
137
223
105
208
303
96
185
283
103
191
285
91
195
296
83
185
274
106
155
179
51
72
105
0
101
188
124
214
306
194
309
422
251
382
492
337
465
584
396
507
614
352
425
507
41
58
0
0
48
65
0
25
30
51
47
94
17
35
0
42
23
39
112
209
213
337
181
254
79
166
264
66
163
263
117
213
293
123
201
266
61
140
208
105
150
206
137
188
247
81
178
278
128
237
341
106
255
407
150
303
461
295
429
560
418
516
624
386
469
524
0
119
262
0
114
255
162
215
282
143
187
224
32
55
74
79
104
131
200
242
305
128
275
383
124
281
429
127
305
467
142
299
459
235
371
529
388
501
616
408
473
518
0
34
0
0
84
148
22
41
11
19
89
150
0
0
27
67
0
6
79
126
213
315
197
306
76
160
273
83
150
250
188
220
280
93
142
188
0
0
0
0
0
0
232
271
340
194
369
484
149
323
468
195
318
470
138
289
439
163
316
459
311
446
542
430
483
549
0
0
54
90
86
135
0
0
0
0
38
111
75
125
0
94
21
42
0
1
177
271
211
340
119
198
277
168
208
271
169
212
251
77
100
127
0
0
0
0
0
0
184
259
370
298
404
507
233
356
507
200
309
436
128
273
414
136
277
416
271
397
516
422
490
573
61
111
78
138
42
69
11
34
0
0
101
167
139
216
64
131
23
59
12
55
141
232
226
360
166
207
228
178
212
235
136
182
221
0
0
0
53
73
78
65
119
150
258
325
381
300
427
518
218
330
443
164
288
396
134
257
355
151
268
369
280
409
493
402
496
574
62
103
95
121
139
27
57
121
139
142
198
224
264
0
0
0
0
0
0
0
0
0
0
65
110
191
248
310
141
235
294
371
444
271
383
484
99
162
146
305
417
0
0
136
244
332
0
0
120
207
275
141
246
351
0
56
277
383
455
116
210
418
516
585
226
381
0
0
0
0
0
0
259
253
251
56
118
161
106
157
191
254
319
373
298
374
456
173
337
438
152
289
396
147
220
246
75
79
88
129
170
207
278
332
385
410
497
584
0
0
0
0
93
165
27
55
115
183
125
198
4
21
0
32
12
26
43
75
120
233
231
392
58
66
82
0
0
0
157
180
182
194
246
264
229
271
341
277
343
401
235
331
411
143
284
384
156
277
366
139
162
172
0
0
0
11
17
14
277
343
353
427
509
553
29
55
14
40
101
158
119
198
113
186
62
120
0
43
78
123
0
0
0
0
145
242
235
374
74
55
36
113
116
123
203
226
236
257
301
334
283
338
387
206
259
325
160
235
324
148
264
343
182
246
317
93
96
124
0
0
0
36
40
64
252
311
336
384
463
513
24
33
85
148
127
206
149
246
100
165
0
34
6
75
51
97
0
14
36
51
114
202
188
317
75
82
106
191
200
214
261
303
326
307
355
399
267
316
373
147
190
273
61
145
244
122
185
258
153
193
226
91
135
161
38
59
66
96
126
147
229
288
338
307
408
467
165
188
221
240
278
315
301
363
404
315
369
408
225
265
319
71
138
249
0
121
226
110
154
217
68
113
143
50
103
137
76
123
160
134
197
240
186
284
339
242
341
425
56
105
119
186
155
251
142
218
65
96
0
0
54
86
2
3
17
26
33
71
16
99
130
220
223
297
356
284
354
408
331
391
430
319
380
432
202
258
335
101
188
268
53
140
249
105
147
187
19
21
14
30
51
64
107
147
181
153
222
283
154
237
304
173
242
324
101
170
143
225
157
259
123
207
0
6
16
23
13
55
0
1
19
50
0
52
23
66
89
134
281
361
429
332
397
462
319
399
456
297
368
439
204
286
368
133
228
295
139
205
251
82
93
94
0
0
0
0
0
0
123
166
192
133
218
267
102
182
256
103
178
244
138
221
167
251
168
242
123
202
53
103
51
89
0
0
0
0
39
69
0
36
5
37
57
90
342
408
466
341
419
482
330
402
466
292
365
435
233
327
386
164
258
314
127
185
198
59
74
59
0
0
0
0
0
0
118
172
209
95
166
238
93
144
176
38
63
87
151
263
192
280
154
242
116
196
61
118
0
34
19
26
1
19
42
45
7
13
33
47
31
16
375
438
492
371
432
491
337
399
455
280
346
415
234
297
369
149
227
294
116
174
174
26
27
18
52
53
54
95
125
132
108
183
221
33
73
102
73
88
98
0
0
0
387
443
510
366
428
476
321
373
419
252
318
374
181
249
314
129
219
282
128
183
199
0
0
0
65
69
69
146
199
223
95
131
165
0
0
0
0
0
0
82
104
134
222
296
192
288
143
234
80
138
25
67
35
61
0
0
64
105
17
55
0
0
0
0
74
131
393
349
291
203
88
81
104
96
145
164
70
0
0
111
465
406
349
284
180
171
165
131
161
221
97
0
0
144
524
459
396
325
256
248
216
147
183
259
134
0
0
178
218
178
128
56
0
18
24
52
46
0
0
80
319
282
206
93
11
36
58
97
86
0
0
153
390
359
275
164
56
46
43
97
187
121
96
31
3
164
450
412
332
219
121
115
102
151
227
198
122
33
43
218
514
450
370
244
169
168
170
193
264
264
152
52
59
252