14
29
14
34
11
33
4
18
3
9
-2
-3
-4
-8
-9
-19
-18
-42
-26
-61
0
0
8
24
41
43
42
25
32
33
21
27
28
27
31
30
34
38
35
21
23
28
7
14
30
16
26
36
12
15
20
-12
-13
-9
-38
-44
-47
-62
-68
-70
-61
-79
-76
-51
-54
-60
12
22
0
-1
0
-3
6
17
8
21
0
0
4
14
6
16
-3
-8
-12
-31
-14
-37
-10
-31
14
19
22
-6
3
10
-2
2
4
13
17
13
21
23
19
4
9
12
0
0
0
0
23
9
36
30
20
29
25
19
6
2
-5
-24
-31
-37
-47
-60
-70
-51
-61
-72
0
0
-3
-3
0
0
0
2
-11
-27
-4
-9
0
0
4
26
13
26
2
5
-9
-22
-11
-24
-7
0
12
-3
0
5
-8
-8
-6
1
-6
-11
0
-10
-19
-32
-29
-31
-19
-26
-41
0
-15
-23
9
11
6
42
40
24
38
35
24
12
7
0
-17
-23
-31
-31
-34
-39
-1
-6
0
0
-10
-25
0
-13
-8
-25
-3
-10
-1
3
0
-4
5
18
7
20
-1
-3
-7
-12
1
8
14
5
8
11
-30
-27
-18
-44
-45
-38
-34
-43
-44
-41
-50
-55
-24
-40
-56
3
-15
-38
-2
0
-12
16
18
9
37
34
23
28
23
17
2
0
-4
-14
-14
-15
0
-3
-4
0
-2
-1
-38
-32
-19
-40
-41
-29
-15
-18
-18
-18
-25
-29
-8
-22
-39
5
-15
-34
2
-12
-28
-22
-19
-22
5
4
2
24
23
15
9
9
5
-4
-6
-8
0
8
0
0
-10
-27
-3
-11
-1
-2
-8
-7
0
0
8
3
0
1
4
13
0
3
2
0
-7
-18
-20
-12
-21
-21
-12
-15
-14
-6
-10
-9
0
0
0
0
0
0
-15
-15
-21
-48
-51
-45
-35
-47
-48
-37
-40
-38
-11
-14
-15
12
8
3
8
5
1
2
-1
-7
0
0
-3
-8
-2
-1
0
0
0
0
-5
-18
-13
-41
0
-29
-8
-18
0
0
3
3
2
4
-25
-22
-8
-18
-19
-14
-5
-8
-5
-3
-7
-4
0
0
0
0
0
0
-18
-17
-16
-51
-52
-46
-58
-59
-53
-44
-45
-41
-21
-26
-24
-9
-14
-15
-4
-11
-13
-3
-8
-11
-7
-19
-2
-4
2
1
-2
-5
0
0
-3
-7
-5
-11
-6
-9
2
4
-1
-7
0
-4
-2
-4
-21
-17
-3
-2
-2
8
5
3
12
0
0
0
1
3
2
-2
-5
-7
-13
-16
-11
-11
-21
-22
-3
-14
-19
4
-13
-19
-2
-18
-20
-15
-25
-24
-15
-27
-28
-12
-20
-29
-4
-2
4
4
9
3
6
9
9
14
-2
4
11
0
0
0
0
0
0
0
0
0
0
-3
-9
-15
-14
-16
-2
-4
-6
-9
-12
0
-4
-5
2
2
5
0
-3
0
0
1
-12
-14
0
0
-23
-33
-23
-28
-38
-30
0
-12
-35
-42
-35
-7
-19
-26
-33
-31
-5
-12
0
0
0
0
0
0
-22
-17
-9
-11
-16
-17
-5
-8
-12
-7
-12
-16
-3
-9
-11
3
-3
-4
-7
-8
-6
-21
-17
-8
-31
-21
-8
-39
-36
-22
-32
-38
-30
-21
-26
-26
0
0
0
0
-7
-21
-4
-8
-3
-5
3
4
0
3
0
-10
-5
-11
-10
-19
-5
-13
-5
-9
-8
1
11
0
0
0
-17
-21
-25
-21
-28
-32
-19
-22
-22
-9
-9
-8
-2
-3
1
-6
-5
-2
-14
-10
-3
-19
-10
-2
0
0
0
0
-1
0
-5
-8
-7
-4
-3
-4
-1
-5
-2
-4
-6
-12
-6
-14
-4
-9
1
0
0
-7
-3
-14
0
0
0
0
-3
-5
0
2
-7
-7
-11
-17
-24
-34
-18
-26
-36
-18
-25
-33
-15
-19
-19
-6
1
7
2
8
16
-8
-3
7
-16
-12
-3
1
0
-4
0
0
0
2
1
0
6
13
11
11
16
16
-2
-5
-4
-9
-3
-10
-2
-7
-3
-5
0
-2
-1
-8
5
12
0
2
3
6
10
21
6
13
-12
-22
-40
-17
-27
-44
-17
-27
-38
-13
-19
-27
-6
-7
-10
1
7
10
15
27
30
3
13
22
6
9
12
18
14
4
2
4
0
11
10
5
32
29
22
25
30
29
-20
-29
-45
-18
-29
-44
-14
-23
-32
-7
-12
-20
4
-3
-9
4
-3
-8
0
2
3
9
14
15
14
13
13
7
8
10
-4
1
6
13
18
15
30
33
28
24
30
32
-5
-14
-3
-8
-3
-7
0
0
3
8
0
0
-5
1
0
1
-3
-9
5
8
6
23
3
11
-30
-43
-53
-21
-32
-43
-13
-20
-28
-6
-12
-17
4
-3
-12
-2
-17
-24
-9
-26
-23
-6
-4
1
2
0
1
-8
-3
4
1
4
10
13
20
25
16
27
34
17
25
29
-9
-22
-6
-13
-2
-6
-1
-2
0
1
0
1
0
-4
0
0
2
4
0
5
0
5
0
3
-32
-44
-53
-23
-31
-36
-12
-18
-22
-7
-10
-15
-15
-17
-17
-21
-20
-17
-11
-13
-7
-2
-5
4
0
0
0
0
0
0
5
10
16
13
24
30
5
18
31
0
7
22
-9
-21
-7
-13
-3
-5
-2
-4
-3
-11
0
-3
0
0
0
0
-3
-5
0
3
-1
-8
-6
-14
-30
-38
-43
-20
-26
-30
-10
-13
-14
-3
-4
-5
-1
-2
-1
0
-1
2
5
5
6
-2
1
3
0
0
0
0
0
0
2
9
22
3
11
32
-10
9
30
-11
-3
24
-9
-19
-8
-13
-3
-3
2
5
3
10
0
4
-3
-6
-1
-9
-3
-4
0
3
-3
-4
0
0
-26
-30
-29
-16
-19
-18
-6
-6
-3
5
8
10
16
19
21
17
20
21
0
6
13
-3
1
6
-10
-7
-4
-14
-15
-14
-6
-3
4
8
12
24
5
14
29
0
0
0
-17
-19
-19
-7
-9
-8
2
3
6
15
18
20
28
31
33
21
25
29
-11
-3
7
0
0
0
-7
-12
-21
-31
-35
-33
-29
-20
-17
0
0
0
0
0
0
0
-9
-23
-9
-14
-2
-5
2
4
5
12
5
18
-6
-11
0
0
-2
-11
-8
-28
0
0
0
0
4
5
-8
1
7
14
22
12
0
6
10
14
2
0
0
8
-8
0
8
21
29
24
6
1
3
6
1
0
0
8
-6
5
14
27
38
34
16
-5
-15
-12
-2
0
0
4
-4
1
1
3
0
-1
3
4
7
0
0
5
-6
2
5
10
3
2
6
15
18
0
0
17
1
7
8
8
6
2
14
-2
7
14
17
9
1
47
2
9
13
16
16
22
29
10
8
15
10
-1
3
38
3
14
21
24
32
46
44
17
4
8
3
-13
-1
25