-1
-2
0
3
4
4
3
3
3
6
5
-2
-8
-9
1
0
3
4
7
7
7
8
10
12
11
4
-5
-11
5
7
8
7
8
9
13
15
21
23
23
14
9
5
7
12
13
10
9
10
19
27
36
42
41
30
20
8
6
15
15
11
12
14
28
47
60
66
63
46
29
12
7
19
17
9
10
21
47
73
91
96
87
59
39
19
10
26
25
11
8
30
67
102
117
119
102
74
44
20
28
52
48
29
15
31
87
126
133
118
100
72
42
19
68
88
78
69
49
38
69
108
111
93
78
58
38
21
107
114
94
88
85
51
38
53
57
54
46
40
27
17
84
69
60
66
73
51
18
4
7
16
22
21
16
10
-50
-36
-19
1
24
7
-11
-23
-16
-1
7
9
8
3
-95
-112
-84
-62
-40
-31
-24
-27
-20
-11
-2
6
6
3
-94
-114
-107
-89
-62
-43
-26
-20
-16
-13
-1
7
8
5
-63
-112
-113
-90
-53
-17
1
1
-10
-7
5
16
17
12
-52
-98
-112
-89
-40
14
41
35
24
19
24
27
25
17
-46
-88
-124
-103
-30
53
100
85
67
60
42
36
26
13
-35
-61
-113
-120
-22
93
142
127
111
90
74
48
22
7
-1
-4
-2
2
5
5
3
2
3
5
4
-1
-7
-7
0
-1
1
4
7
8
7
7
9
12
10
4
-3
-6
4
6
7
6
8
10
13
14
19
22
22
14
9
6
5
10
12
9
9
10
18
26
34
40
40
29
19
8
4
12
13
10
11
13
28
46
57
63
59
45
28
12
5
17
15
8
10
22
45
69
88
89
81
55
34
18
9
24
23
16
15
31
65
98
114
111
94
67
42
16
27
51
49
36
28
40
81
112
125
109
91
65
41
18
73
90
80
66
56
49
72
100
102
87
73
54
35
19
107
116
93
81
76
55
48
54
56
52
44
37
27
15
74
72
62
61
59
45
24
14
14
15
22
20
16
9
-37
-34
-14
3
14
9
-3
-11
-11
-2
6
8
8
2
-88
-105
-84
-58
-33
-24
-19
-23
-17
-11
-2
5
4
1
-87
-112
-104
-86
-56
-37
-22
-17
-14
-12
0
6
7
3
-65
-105
-109
-87
-50
-16
4
5
0
2
11
15
16
11
-52
-97
-105
-88
-41
8
41
39
30
28
31
27
24
17
-49
-88
-121
-101
-29
48
96
86
71
68
49
37
25
13
-33
-53
-105
-111
-26
87
135
124
107
81
68
48
23
6
-1
-4
-2
1
4
5
3
2
2
4
3
0
-4
-5
1
-1
0
3
7
9
7
7
8
10
10
6
1
-4
3
5
5
5
8
11
14
14
18
20
19
13
10
7
3
8
11
7
8
10
18
27
32
38
39
28
19
8
2
9
10
9
10
13
27
43
54
60
57
42
27
12
2
13
12
8
10
21
41
64
83
82
72
50
29
15
7
22
23
17
15
31
57
85
106
101
83
57
36
14
29
47
49
37
33
42
72
97
110
99
80
56
35
17
68
88
74
64
57
56
66
83
89
81
68
51
33
13
98
115
87
74
71
53
53
53
48
48
42
35
26
14
57
73
56
54
51
40
27
21
15
13
19
20
15
8
-21
-32
-12
1
10
9
2
-7
-8
-3
5
7
7
2
-77
-98
-77
-52
-27
-17
-16
-17
-15
-10
-2
4
3
-1
-83
-102
-96
-77
-49
-29
-17
-13
-10
-10
0
5
6
3
-61
-98
-104
-80
-47
-16
3
8
7
8
12
13
14
10
-48
-87
-94
-81
-36
9
37
40
34
30
28
27
22
15
-48
-82
-110
-94
-30
39
86
81
72
61
45
38
23
11
-30
-50
-90
-95
-26
68
126
119
98
77
65
48
20
6
-1
-4
-3
1
4
5
2
1
1
3
3
1
-2
-3
1
-2
-1
3
7
9
7
5
6
8
8
6
2
0
2
4
4
5
7
11
13
13
14
17
16
12
10
8
1
7
9
6
6
9
16
22
28
32
32
25
15
9
2
6
8
8
8
11
24
35
47
49
49
35
21
10
0
8
9
7
10
20
37
56
72
74
60
44
26
11
5
18
21
14
14
28
50
70
92
86
71
47
30
12
24
44
42
34
33
43
63
80
91
83
68
46
28
12
59
78
66
59
54
54
61
70
74
72
57
46
29
10
86
99
77
63
57
48
48
48
43
37
35
33
22
13
51
65
47
46
40
32
26
22
14
13
14
17
14
7
-10
-24
-11
-1
7
8
3
-3
-6
-4
2
7
6
2
-59
-80
-61
-44
-26
-12
-12
-12
-13
-9
-3
3
2
-1
-68
-90
-84
-68
-43
-21
-13
-9
-6
-7
1
4
5
2
-55
-86
-86
-65
-43
-14
2
10
9
9
12
11
12
9
-44
-77
-85
-70
-35
9
33
44
35
31
25
25
18
12
-32
-69
-94
-81
-24
35
71
73
64
54
41
36
20
9
-24
-48
-75
-78
-25
61
110
104
88
70
55
45
17
5