438
476
481
547
452
427
452
474
408
481
442
434
416
472
697
656
664
651
662
656
634
646
627
623
621
604
618
634
773
759
729
716
721
736
747
728
727
730
707
684
717
673
797
796
767
754
795
775
781
785
761
738
723
710
708
705
842
827
773
807
809
804
825
813
780
750
732
708
675
662
836
805
756
776
783
792
796
784
756
725
716
676
694
667
822
766
742
738
731
750
728
721
715
695
699
688
665
645
768
726
680
661
647
592
658
672
638
647
651
639
612
624
651
636
607
571
555
487
507
588
591
581
557
587
595
605
396
456
482
508
526
475
448
527
557
568
546
570
567
592
149
322
416
493
534
538
556
562
579
575
554
560
558
567
90
311
438
550
600
644
647
659
635
595
576
556
540
531
371
504
578
637
656
657
662
657
631
606
575
555
542
534
663
649
677
710
727
695
670
654
637
621
583
568
550
522
731
745
728
752
769
723
702
678
626
596
583
529
526
491
746
710
729
758
779
768
729
696
673
643
581
544
510
488
703
682
700
730
764
736
706
673
638
608
555
521
495
504
641
628
601
519
521
525
560
587
587
570
555
501
483
482
398
452
437
498
473
419
424
464
398
480
433
438
419
464
661
608
619
619
634
615
595
617
611
613
606
598
608
600
723
705
673
662
667
686
713
689
701
697
670
645
678
674
755
744
718
679
752
721
751
761
732
707
690
684
690
697
796
778
722
767
769
767
790
775
735
716
701
677
657
668
806
760
709
727
721
762
778
761
741
694
690
641
658
666
810
752
725
726
730
714
735
722
700
677
676
656
655
634
751
709
665
643
653
633
672
680
647
627
629
607
599
610
632
630
610
585
593
569
583
613
610
583
548
560
565
587
400
487
527
538
559
563
573
576
585
553
547
544
534
562
147
368
478
523
566
591
618
622
597
555
550
529
533
535
81
343
488
576
607
655
672
666
650
578
560
536
531
521
393
518
593
647
648
651
669
660
627
595
569
522
526
530
660
654
681
704
712
691
684
655
622
610
576
536
538
512
721
708
712
729
741
697
708
674
627
589
579
508
526
492
731
696
713
761
779
756
725
694
665
655
593
545
523
502
689
671
677
725
743
728
705
659
622
618
565
522
503
525
608
598
596
511
532
518
554
583
582
565
544
490
486
503
381
413
403
441
415
373
391
397
371
432
388
419
381
413
599
559
570
559
566
560
535
549
557
567
562
548
559
560
669
649
610
605
613
633
670
649
668
656
630
601
634
650
697
665
664
576
675
668
708
707
683
667
659
640
643
660
725
683
666
691
693
679
725
720
686
673
657
628
613
637
734
697
659
667
654
718
709
711
702
660
639
603
614
623
746
685
662
655
659
672
677
676
674
647
617
598
603
600
703
623
635
597
626
612
650
650
617
594
571
563
561
585
619
591
574
577
597
597
591
584
574
569
548
531
530
521
424
487
504
520
548
576
614
590
545
514
520
508
489
515
205
393
468
507
542
579
613
618
564
498
514
496
493
492
109
346
486
534
572
599
621
630
605
541
530
514
502
500
422
498
571
594
593
618
618
621
605
551
534
486
472
513
639
597
634
654
657
651
651
623
597
563
540
486
484
484
672
667
695
682
694
668
673
655
614
578
542
485
470
473
677
616
639
698
703
703
658
655
621
615
527
487
477
486
676
622
644
680
722
684
644
605
597
580
499
492
470
498
574
567
559
513
540
536
529
556
563
547
497
477
444
484
351
363
358
389
361
342
334
341
340
369
347
355
364
355
512
507
509
504
478
472
472
441
486
478
491
477
495
478
572
577
516
526
527
545
564
565
561
576
563
536
564
591
564
551
569
489
531
572
585
572
582
580
549
546
539
579
592
545
575
604
551
574
625
602
602
568
560
540
509
572
593
586
573
572
564
604
624
622
610
597
555
535
547
563
630
568
559
554
570
597
599
585
605
566
519
514
538
538
597
543
546
511
561
591
610
577
549
510
495
484
459
499
582
531
510
513
547
568
569
544
515
514
487
482
466
456
422
460
469
470
491
528
563
545
476
425
430
454
411
462
318
388
434
468
483
524
530
547
495
415
439
418
402
433
247
359
460
483
480
527
516
556
510
474
458
466
461
455
444
441
497
520
530
544
509
547
556
474
441
421
400
454
580
543
561
592
577
558
580
567
551
489
432
426
424
434
585
592
583
580
607
590
579
599
563
501
488
427
412
431
579
539
561
601
628
639
580
606
543
559
454
420
417
431
555
525
564
598
616
601
566
537
552
520
427
437
430
444
518
508
514
500
519
532
492
507
500
496
429
440
391
428