-3
-1
1
1
-1
0
4
7
7
5
-1
-4
-5
-4
-5
-3
-2
-1
1
5
7
9
8
3
1
-3
-1
-2
-8
-8
-6
-2
3
9
11
10
7
2
0
-3
3
3
-13
-12
-10
-1
7
15
16
13
7
1
0
-1
3
6
-18
-18
-14
-3
10
20
23
14
5
-2
-3
-2
3
7
-25
-26
-19
-3
12
26
26
15
3
-8
-11
-6
1
7
-28
-31
-17
4
22
30
24
11
-7
-18
-23
-16
-6
0
-29
-29
-14
16
36
34
10
-10
-24
-35
-35
-25
-12
-1
-19
-14
-5
30
58
37
-21
-51
-53
-56
-48
-32
-16
-5
0
1
-3
23
61
39
-34
-81
-82
-69
-56
-36
-18
-6
-5
-1
-15
0
26
16
-33
-78
-83
-72
-58
-38
-16
-2
2
0
-11
-8
5
-5
-30
-62
-75
-73
-61
-36
-14
-3
6
14
9
6
7
3
-14
-44
-71
-74
-62
-40
-14
-4
19
21
22
22
24
22
7
-29
-61
-72
-60
-40
-20
-10
17
21
25
27
29
44
26
-4
-38
-53
-49
-41
-24
-11
10
16
23
26
28
37
38
20
-3
-27
-31
-36
-26
-8
11
21
30
27
22
25
38
36
14
-11
-27
-35
-29
-12
14
30
39
32
11
8
34
34
13
-12
-26
-36
-30
-15
-3
0
1
1
-1
0
4
7
7
6
2
-2
-3
-4
-4
-2
-1
0
1
4
6
8
8
5
3
1
2
1
-7
-6
-5
-1
3
9
11
10
6
3
2
0
7
8
-10
-9
-8
-1
7
15
17
13
6
0
0
3
9
11
-14
-15
-11
-2
9
19
23
13
4
-2
-3
1
9
11
-19
-19
-15
-2
12
25
24
13
1
-7
-11
-4
5
9
-22
-22
-11
5
21
28
20
5
-9
-17
-20
-11
-1
5
-22
-20
-10
17
39
30
8
-13
-26
-33
-31
-20
-7
3
-15
-15
0
27
50
31
-17
-45
-51
-51
-42
-27
-11
0
-13
-11
-6
15
45
31
-27
-68
-71
-60
-49
-30
-10
-1
-34
-20
-15
-4
16
13
-25
-64
-70
-63
-51
-30
-8
4
-18
-19
-15
-10
3
-3
-20
-50
-66
-63
-53
-28
-4
5
-9
-1
1
-1
4
1
-11
-39
-58
-65
-54
-32
-5
3
6
13
15
15
19
19
10
-25
-49
-63
-52
-31
-11
-3
12
17
22
22
24
35
21
-6
-28
-43
-40
-32
-13
-3
11
18
24
26
26
28
31
13
-6
-24
-28
-27
-17
-4
11
23
33
31
18
18
28
26
10
-9
-24
-26
-19
-9
14
32
45
38
10
0
18
18
6
-12
-23
-30
-21
-11
-3
0
1
1
-1
-1
3
5
6
6
3
0
-2
-3
-3
-1
-1
0
1
3
5
7
7
6
3
3
4
2
-5
-4
-3
-1
3
8
10
9
6
4
3
4
9
10
-7
-6
-6
-2
7
14
16
11
5
0
0
6
12
14
-10
-10
-9
-2
9
16
20
12
3
-3
-3
4
13
14
-12
-13
-11
-1
11
24
20
11
-1
-7
-9
-1
8
10
-15
-14
-7
5
19
25
18
4
-9
-15
-15
-6
2
7
-15
-14
-4
16
32
24
5
-14
-24
-30
-24
-14
-3
6
-14
-14
2
24
42
23
-11
-37
-45
-44
-35
-20
-6
5
-23
-20
-6
11
31
24
-21
-57
-58
-50
-39
-22
-6
2
-64
-36
-17
-6
10
9
-20
-50
-59
-50
-41
-22
-3
6
-42
-37
-19
-11
-1
-2
-11
-35
-51
-51
-41
-19
0
7
-26
-12
-5
-4
0
1
-6
-30
-46
-54
-43
-23
-2
8
-2
9
7
9
13
15
10
-18
-36
-51
-41
-22
-7
2
9
13
18
16
18
24
16
-4
-20
-31
-30
-22
-4
3
10
16
21
21
20
19
23
7
-6
-21
-25
-19
-10
3
13
23
32
28
13
14
18
19
4
-9
-21
-20
-13
-3
15
32
46
42
10
-3
3
8
0
-10
-17
-23
-15
-5
-2
0
0
0
0
-1
1
3
5
6
4
1
0
-2
-2
-1
-1
0
1
1
3
5
6
5
4
3
5
3
-3
-2
-2
-1
3
7
8
7
5
4
4
6
10
10
-4
-4
-4
-1
5
11
12
7
4
0
1
6
11
13
-6
-5
-6
-1
7
13
16
9
2
-3
-2
5
12
14
-7
-8
-7
-1
11
19
16
9
-1
-7
-5
1
9
11
-10
-9
-5
5
14
20
14
1
-8
-13
-12
-3
4
8
-11
-10
-1
13
27
18
4
-10
-19
-24
-17
-8
0
7
-10
-10
2
17
31
18
-10
-27
-36
-37
-26
-15
-3
3
-27
-22
-7
6
18
16
-12
-40
-43
-37
-27
-14
-3
3
-62
-38
-17
-5
4
6
-13
-34
-44
-36
-30
-13
-1
5
-49
-41
-19
-11
-1
-1
-6
-25
-34
-37
-29
-13
3
7
-32
-15
-11
-6
-1
1
-3
-18
-34
-40
-29
-13
1
8
-6
4
2
3
5
9
6
-10
-28
-37
-27
-13
-1
7
6
9
12
10
10
15
10
-2
-16
-21
-21
-12
2
7
7
13
18
17
14
12
16
6
-6
-17
-19
-13
-2
5
10
19
29
24
9
7
9
12
-1
-9
-15
-14
-6
1
14
28
43
38
11
-4
-7
0
0
-9
-14
-16
-8
-1