-96
-53
-51
-77
-95
-28
35
-32
-95
-134
-161
-166
-107
1
77
88
35
-93
-56
-32
-38
-35
0
-3
-70
-121
-144
-167
-170
-105
31
132
129
50
-81
-67
-31
23
66
-1
-118
-176
-145
-123
-120
-116
-82
15
122
109
36
-64
-86
-82
-13
47
-11
-139
-178
-127
-70
-15
18
0
0
-43
-11
-3
-51
-111
-160
-112
-19
19
-26
-75
-64
-4
78
131
135
14
-83
-92
-39
-22
-117
-194
-169
-39
71
52
3
-3
44
115
145
116
19
-79
-88
-41
28
-44
-117
-105
-5
89
56
25
23
62
105
123
75
8
-54
-64
-36
90
43
18
1
0
-8
-18
4
10
31
67
92
55
9
-43
-39
-21
112
109
122
92
-24
-147
-123
-59
-37
-34
3
36
50
23
3
-9
-5
106
125
146
103
-45
-183
-168
-114
-95
-81
-46
-7
21
30
19
11
5
99
120
121
77
-24
-114
-133
-123
-122
-105
-73
-41
-6
18
27
17
8
102
114
92
51
-8
-85
-116
-124
-125
-116
-99
-78
-38
-1
17
17
8
103
105
78
34
-16
-74
-105
-108
-109
-112
-119
-104
-57
-5
18
19
9
97
80
53
3
-38
-66
-79
-80
-80
-111
-137
-123
-58
2
28
26
11
55
40
5
-36
-68
-73
-58
-49
-52
-102
-155
-150
-44
41
56
37
17
14
-4
-33
-73
-110
-103
-48
0
-14
-67
-150
-152
2
80
61
33
12
-30
-39
-56
-78
-124
-129
-31
57
22
-25
-51
0
0
32
18
8
3
-96
-59
-54
-71
-81
-26
20
-37
-98
-131
-158
-162
-106
-6
71
72
34
-91
-58
-37
-41
-29
0
-14
-78
-124
-148
-156
-160
-92
28
116
119
50
-87
-74
-37
14
46
-6
-107
-168
-149
-116
-111
-95
-41
8
94
96
35
-76
-98
-82
-18
28
-25
-135
-167
-120
-62
-9
27
11
0
-26
-2
-7
-59
-123
-162
-115
-24
18
-26
-71
-61
2
84
151
119
8
-71
-82
-38
-31
-124
-201
-166
-42
72
59
9
0
41
116
164
134
31
-70
-83
-39
19
-55
-120
-82
-5
73
58
32
23
54
101
130
96
25
-40
-60
-33
75
35
14
0
0
-8
-23
-9
6
30
64
91
67
18
-34
-34
-17
115
108
112
72
-22
-121
-136
-79
-44
-26
6
32
46
25
7
-8
-3
111
133
147
89
-53
-176
-181
-137
-99
-78
-47
-11
14
25
18
10
4
100
121
127
70
-35
-128
-150
-138
-126
-109
-82
-49
-15
9
25
15
8
97
113
86
46
-17
-89
-124
-130
-131
-123
-109
-82
-39
-6
13
16
7
95
99
71
29
-21
-73
-101
-112
-116
-128
-129
-107
-56
-10
14
18
10
87
75
46
2
-40
-68
-81
-87
-95
-125
-144
-127
-60
-3
23
25
10
55
40
3
-42
-69
-75
-59
-51
-62
-110
-165
-153
-44
39
49
34
15
16
-3
-36
-73
-112
-103
-43
-7
-25
-79
-153
-138
-1
79
61
32
14
-20
-33
-57
-78
-123
-113
-29
47
19
-32
-50
0
0
28
16
5
3
-88
-59
-53
-64
-66
-29
-8
-41
-100
-125
-147
-152
-96
-9
58
65
29
-80
-54
-40
-39
-29
-17
-37
-83
-115
-136
-144
-144
-81
16
98
95
44
-83
-68
-36
7
30
-18
-116
-159
-136
-105
-95
-74
-18
14
66
81
34
-77
-95
-72
-10
18
-40
-126
-150
-107
-53
1
34
32
16
0
-3
-5
-68
-123
-146
-102
-17
7
-37
-62
-52
7
82
142
102
18
-51
-70
-30
-40
-129
-191
-152
-38
60
61
9
-1
43
112
169
137
36
-61
-75
-32
14
-71
-117
-74
-11
54
58
31
23
55
98
129
107
32
-37
-52
-28
71
24
7
-5
-2
-19
-28
-12
5
28
57
82
66
21
-25
-28
-13
103
103
102
47
-15
-107
-139
-75
-42
-23
8
32
41
22
5
-6
-3
102
130
142
78
-60
-176
-184
-142
-95
-71
-45
-13
11
22
17
10
5
98
119
116
58
-47
-131
-152
-138
-120
-103
-79
-48
-13
8
22
13
6
88
99
82
38
-24
-85
-130
-128
-126
-120
-103
-74
-38
-5
13
13
5
84
88
64
26
-24
-71
-100
-110
-121
-125
-122
-99
-54
-14
13
16
8
73
67
38
0
-38
-63
-78
-82
-92
-124
-134
-115
-50
-2
20
17
9
47
33
0
-41
-64
-74
-60
-47
-59
-113
-150
-140
-33
36
47
29
13
19
-4
-35
-70
-109
-96
-50
-9
-21
-78
-140
-116
-5
68
53
31
12
-16
-32
-56
-85
-119
-97
-37
27
11
-26
-49
-1
0
23
14
7
3
-76
-51
-49
-53
-56
-34
-28
-54
-86
-112
-128
-136
-79
-7
51
54
23
-70
-49
-39
-35
-30
-30
-53
-86
-102
-118
-124
-123
-69
13
75
80
38
-71
-62
-36
-1
10
-34
-108
-134
-112
-90
-79
-60
-8
22
57
67
26
-69
-81
-64
-17
7
-39
-106
-119
-93
-40
11
35
37
25
10
1
-3
-65
-109
-125
-85
-19
-5
-30
-52
-43
8
73
121
94
25
-34
-49
-21
-43
-118
-174
-136
-35
47
43
5
0
37
103
145
125
36
-47
-55
-26
11
-67
-119
-85
-22
43
49
26
21
44
86
112
90
28
-28
-41
-22
60
11
-2
-16
-29
-34
-30
-14
3
23
50
70
61
19
-17
-21
-9
90
93
85
36
-27
-113
-118
-74
-38
-15
4
28
32
23
2
-3
-1
92
116
121
60
-64
-164
-160
-124
-88
-60
-41
-13
5
17
15
9
4
86
107
99
47
-51
-124
-142
-129
-110
-92
-72
-43
-15
6
18
10
5
79
83
75
30
-32
-88
-113
-117
-115
-105
-91
-65
-36
-4
14
10
3
69
74
54
22
-22
-67
-91
-94
-111
-110
-106
-83
-47
-13
12
13
6
58
56
29
-3
-32
-56
-70
-72
-83
-112
-117
-97
-47
-4
16
15
7
38
27
-2
-36
-58
-66
-59
-41
-52
-100
-132
-121
-37
27
40
23
9
15
-1
-31
-62
-98
-83
-49
-14
-19
-65
-114
-104
-11
51
46
28
12
-10
-32
-51
-78
-109
-89
-44
13
1
-22
-40
-17
1
16
10
6
2