749
729
717
630
310
114
245
564
715
752
773
709
646
608
717
766
543
643
658
712
600
250
0
94
589
781
799
813
689
415
350
561
776
610
602
603
676
605
222
13
308
668
797
852
840
636
254
34
374
817
682
606
592
634
595
416
323
513
690
773
856
889
631
1
0
306
810
786
634
641
635
522
430
448
579
668
714
820
896
652
339
149
419
854
707
713
740
639
386
273
375
632
700
686
764
777
629
504
427
654
821
606
763
753
583
180
25
234
646
726
690
711
684
638
562
574
697
762
600
833
807
606
52
0
210
616
725
658
650
662
649
614
632
705
713
512
837
803
579
178
47
275
601
717
670
624
604
611
650
653
684
680
500
820
788
631
434
357
442
595
667
644
612
572
570
622
680
755
676
517
797
757
679
589
532
501
551
631
617
573
538
564
622
659
704
680
511
797
744
689
618
619
539
538
613
633
571
512
566
624
637
728
692
493
770
746
708
640
589
563
568
592
614
544
509
534
562
645
743
722
531
739
734
688
710
635
578
552
577
581
543
491
469
492
604
734
725
506
752
772
774
743
653
547
521
527
590
602
502
410
363
532
697
746
576
755
805
789
743
634
486
448
518
597
587
513
271
141
420
693
766
540
765
824
846
767
601
352
207
331
602
640
494
0
0
345
719
799
617
774
751
725
622
308
158
250
564
708
751
765
720
636
602
702
724
515
713
710
733
612
273
0
157
609
791
836
815
707
432
404
547
763
591
703
698
718
621
248
85
298
681
817
851
872
652
268
87
384
836
701
690
690
692
623
442
378
542
707
801
888
914
651
58
0
300
801
692
717
718
691
586
497
500
610
700
771
864
916
735
364
196
473
799
686
775
770
665
438
327
418
669
752
772
829
852
739
593
507
663
801
591
810
799
597
133
30
210
655
783
768
767
762
717
646
637
720
747
567
838
800
593
46
0
191
629
774
727
707
694
678
656
657
706
694
473
840
808
557
152
50
229
649
758
715
667
636
637
640
658
691
654
487
828
778
618
436
390
466
638
724
693
650
612
590
632
668
699
641
500
779
737
692
615
572
561
618
690
677
642
609
607
629
659
680
654
495
769
737
676
644
638
591
602
661
683
631
595
601
626
642
683
679
505
726
734
693
674
630
599
584
629
652
622
587
570
582
648
725
707
566
731
738
664
688
614
590
583
604
632
602
549
521
546
613
713
700
515
750
762
755
748
643
566
546
555
600
617
556
452
418
563
703
717
543
753
794
766
730
634
503
462
547
610
619
537
275
148
419
713
750
561
768
815
845
754
588
335
248
361
610
628
477
0
0
317
708
778
561
741
714
699
635
382
263
343
541
692
710
735
714
614
592
665
698
514
690
690
708
634
364
181
300
601
750
790
781
692
516
457
590
730
575
718
692
708
622
355
256
424
677
787
798
839
652
353
288
452
818
686
708
718
681
613
474
434
553
689
768
841
881
693
329
271
420
844
637
725
714
665
580
500
510
612
690
750
836
876
752
465
361
524
833
636
773
741
656
450
374
451
684
730
759
829
823
778
633
555
629
785
542
779
792
598
197
139
244
663
784
776
785
755
730
684
644
677
674
500
816
759
573
159
21
222
644
766
712
690
666
651
637
637
651
630
451
771
773
563
191
131
279
667
742
696
666
620
619
610
627
634
601
455
772
756
617
457
418
487
660
740
690
651
603
579
593
617
642
583
439
747
701
652
596
564
573
637
691
681
646
606
580
595
621
655
600
450
711
665
644
567
600
603
629
658
672
646
586
572
570
587
636
605
451
660
654
642
619
564
564
570
623
651
623
589
555
559
597
667
638
486
658
657
638
649
580
555
557
576
603
587
543
513
534
575
638
613
479
700
677
719
675
573
530
529
512
601
611
537
462
442
534
632
650
514
701
703
710
684
618
516
495
550
605
601
550
325
211
419
673
726
525
723
758
819
725
580
364
334
442
600
622
519
24
0
313
696
760
504
646
632
645
551
440
350
388
528
582
626
676
654
545
539
580
605
440
636
635
633
558
446
319
407
582
665
700
702
660
531
506
569
660
525
640
660
656
561
428
395
475
623
692
736
776
668
473
480
541
720
582
640
639
647
570
467
468
549
621
703
732
785
686
472
474
544
743
584
681
673
620
521
482
483
564
635
682
754
793
729
547
495
578
695
547
688
673
622
483
422
470
617
670
694
727
763
702
607
543
601
638
510
716
685
595
360
303
351
635
727
714
672
675
655
626
602
602
592
428
752
674
558
333
318
359
636
714
664
626
594
596
576
586
595
543
391
697
687
566
355
303
394
626
697
642
605
568
550
532
553
568
535
407
688
681
577
457
433
505
611
670
657
582
562
521
522
547
559
503
358
645
606
586
561
533
538
602
650
649
597
562
522
533
566
587
509
397
631
561
570
494
527
552
557
611
630
580
537
516
507
460
587
500
392
566
553
553
543
481
527
532
546
606
567
535
492
488
509
590
549
403
569
572
564
550
517
489
500
514
537
550
512
477
481
503
543
540
426
591
578
594
582
514
489
498
443
527
551
506
456
422
489
547
560
441
593
612
614
598
562
471
463
508
544
531
507
386
326
463
614
685
508
630
706
728
681
563
415
401
454
564
592
499
301
211
431
663
697
493