-2
3
-6
-3
16
33
42
35
30
19
23
23
31
31
21
11
5
11
30
21
8
8
0
6
25
30
35
44
52
52
52
46
26
11
17
40
43
28
-1
-7
-10
10
36
62
73
81
64
23
35
26
10
-14
1
31
55
41
1
-13
13
56
89
107
99
0
0
-9
0
1
-49
-46
-12
37
63
41
20
33
68
87
98
88
23
-10
-10
-6
-2
-62
-73
-62
-27
8
-3
3
25
43
41
21
-11
-21
-26
-17
-6
1
-54
-71
-78
-26
1
-8
-6
2
0
-24
-69
-96
-102
-72
-42
-14
-4
-40
-57
-51
-5
0
13
29
9
-29
-44
-63
-84
-84
-67
-33
-14
-7
-12
-18
-2
5
-2
22
56
30
-5
-5
-5
-17
-31
-21
-16
-9
-4
-7
5
21
17
3
17
33
27
24
51
59
42
24
5
1
0
-1
-1
7
18
1
-25
-29
-16
-16
-2
37
54
52
40
22
11
5
2
3
-1
-12
-29
-52
-58
-51
-45
-36
-7
17
34
33
21
13
6
4
15
-4
-24
-45
-54
-58
-48
-42
-47
-42
-16
19
31
22
13
8
5
18
-7
-25
-44
-51
-51
-40
-34
-45
-59
-42
1
26
25
16
11
8
12
-2
-13
-28
-35
-42
-45
-40
-44
-62
-50
-15
7
17
18
18
15
3
5
0
-9
-20
-26
-23
-31
-41
-41
-38
-7
3
8
17
19
17
1
11
17
4
-3
-9
8
0
-17
-20
-21
0
0
10
17
16
12
4
7
-3
3
29
59
52
35
27
22
25
33
41
42
30
19
10
12
29
22
11
16
0
15
25
28
34
43
58
69
80
65
32
14
11
30
35
18
-24
-41
-23
8
35
52
68
77
79
53
59
30
10
-12
0
26
35
15
-26
-20
13
52
75
88
78
1
0
-27
-3
-3
-41
-37
-9
30
52
35
20
32
58
76
79
54
-20
-57
-42
-22
-8
-54
-62
-46
5
38
22
14
24
33
32
18
-9
-35
-45
-34
-18
-6
-50
-66
-58
-4
21
10
3
2
0
-17
-49
-78
-80
-64
-45
-21
-8
-35
-48
-41
-4
0
12
23
5
-19
-34
-53
-77
-71
-66
-38
-17
-8
-11
-16
-9
-15
-29
-3
36
24
-1
-5
-7
-17
-30
-23
-18
-11
-5
-8
1
7
-15
-34
-13
19
23
22
36
42
34
21
5
1
-1
-2
-4
3
9
-6
-29
-29
-15
-11
1
27
42
42
35
19
10
4
2
-1
-3
-14
-25
-46
-53
-44
-37
-29
-6
16
30
30
20
13
8
4
13
-7
-22
-40
-50
-53
-47
-43
-42
-33
-9
19
29
22
14
10
7
16
-3
-21
-35
-42
-42
-39
-37
-45
-49
-30
3
26
27
19
14
9
12
0
-10
-22
-30
-32
-33
-29
-40
-48
-35
-2
23
27
24
20
15
5
8
3
-4
-12
-11
-2
-15
-27
-34
-22
16
26
23
25
21
17
1
9
16
5
4
11
35
19
-6
-14
-14
0
0
10
15
13
10
7
6
-3
6
33
66
50
32
21
20
25
39
48
49
34
23
13
15
23
16
10
15
7
21
23
25
28
38
59
82
96
66
33
15
11
25
26
8
-36
-68
-33
6
30
40
56
69
78
78
66
29
10
-5
5
22
17
-8
-45
-27
10
40
57
63
54
6
-16
-22
-8
-5
-30
-23
-1
29
40
21
12
26
44
60
58
28
-56
-86
-62
-30
-11
-46
-45
-27
27
60
36
19
22
28
25
16
-14
-48
-63
-39
-26
-11
-40
-53
-36
25
65
29
12
6
4
-12
-33
-61
-72
-59
-40
-23
-11
-30
-36
-28
-9
0
12
17
4
-13
-23
-38
-56
-59
-55
-34
-19
-7
-10
-15
-9
-41
-73
-19
19
15
-1
-2
-7
-18
-23
-23
-16
-10
-4
-8
-7
-8
-36
-56
-29
4
20
20
27
32
21
14
4
1
-1
-1
-7
-4
-6
-20
-34
-29
-12
-7
4
23
31
30
25
15
10
4
2
-4
-6
-15
-21
-40
-48
-35
-28
-20
-4
14
24
23
17
12
7
4
8
-6
-20
-33
-42
-46
-42
-36
-34
-24
-4
17
24
19
13
9
6
12
-2
-17
-26
-33
-34
-31
-32
-36
-36
-18
7
25
24
18
13
9
10
2
-6
-15
-22
-18
-21
-21
-30
-37
-18
11
37
31
24
17
14
7
7
5
1
-2
9
14
0
-16
-23
-7
38
57
36
26
20
14
4
10
14
9
10
33
57
33
1
-12
-7
1
0
12
13
14
9
7
6
0
7
32
50
41
24
15
16
22
34
40
49
35
22
11
12
16
11
9
10
9
19
19
20
22
31
57
77
89
61
30
14
8
17
16
1
-34
-61
-36
4
23
33
45
59
65
68
51
26
7
-2
5
14
8
-19
-43
-26
10
31
40
41
38
4
-16
-17
-7
-4
-17
-12
5
21
25
10
7
21
32
40
35
9
-55
-80
-64
-32
-9
-31
-29
-9
40
65
40
19
18
21
17
9
-18
-46
-64
-44
-27
-12
-31
-35
-19
41
76
42
14
7
3
-5
-20
-41
-55
-49
-37
-22
-12
-21
-24
-17
-12
-4
12
14
3
-7
-13
-27
-38
-46
-43
-30
-17
-6
-7
-9
-10
-46
-69
-28
5
7
0
-2
-3
-13
-13
-20
-13
-7
-3
-6
-7
-15
-44
-62
-36
0
11
15
17
21
14
10
2
1
-1
-1
-6
-6
-14
-26
-34
-26
-10
-4
6
15
20
19
17
13
8
4
1
-6
-7
-16
-20
-31
-34
-24
-19
-12
-4
10
16
16
12
11
6
3
3
-6
-16
-26
-32
-35
-32
-26
-24
-16
-1
13
17
14
12
8
5
10
-2
-11
-18
-23
-25
-24
-25
-25
-22
-8
11
21
20
15
12
8
10
3
-2
-8
-14
-7
-9
-14
-21
-23
-7
19
37
30
20
14
10
6
6
6
4
4
13
17
6
-9
-17
2
42
65
36
22
18
12
3
11
11
10
12
36
58
31
5
-8
-3
19
8
13
11
12
7