-31
-17
-21
-7
0
0
-11
0
0
0
-41
-9
-42
-30
-32
-5
9
0
2
12
7
3
-48
-11
-44
-27
-35
-29
6
30
0
7
23
40
47
32
-22
-43
-41
-28
-36
-31
9
53
0
22
38
62
88
62
-23
-74
-39
-25
-33
-28
13
81
78
58
55
85
111
75
-24
-85
-24
-7
-14
0
0
0
-29
0
27
35
9
0
-36
-9
-19
-5
0
24
-46
14
39
43
14
0
-34
-1
-7
-22
0
0
44
-53
-20
10
55
57
32
-9
-37
3
-4
-25
0
0
34
-38
-28
9
72
67
26
-22
-36
7
2
-22
0
0
47
-4
-12
16
79
71
16
-31
-40
48
99
38
0
0
-18
-10
-9
0
12
0
25
9
-43
55
102
54
0
0
-20
-11
-17
0
16
21
24
2
-36
54
118
56
0
0
-16
-8
-20
0
10
38
27
-6
-34
20
41
0
0
-10
4
0
0
0
12
0
-52
37
74
0
0
-15
6
0
0
0
15
1
-61
72
219
206
84
8
0
46
73
59
-10
-29
-31
-9
-76
80
238
224
111
19
4
43
75
50
-23
-22
-19
-11
-72
105
228
234
126
20
7
43
60
32
-25
-17
-2
-12
-59
28
106
78
16
-3
37
15
12
-25
-16
11
-90
42
172
133
24
-1
49
61
16
-34
-26
5
0
0
57
156
117
51
25
48
95
74
15
-22
-24
-7
0
0
95
177
133
81
53
83
113
72
12
-24
-24
-13
0
0
133
192
147
89
62
97
120
69
6
-21
-20
-14
0
0
19
44
32
0
11
32
19
-2
-2
-2
0
0
30
77
60
0
18
56
25
-4
-5
-5
0
0
1
37
55
69
56
44
72
62
30
6
-3
-5
0
0
1
49
63
79
86
86
98
76
34
5
-6
-10
0
0
1
57
69
83
100
112
113
79
33
6
-6
-9
12
0
-19
-5
9
0
5
19
19
17
5
-5
15
0
-25
-6
17
32
26
38
33
21
6
-8
0
0
-24
-12
-10
31
63
51
50
50
38
27
13
-1
0
0
-25
-8
-14
26
84
74
68
63
47
28
11
-1
0
0
-21
-7
-7
20
72
82
79
71
47
27
11
0
6
0
14
14
18
0
-4
5
20
34
36
33
23
11
10
0
14
26
29
0
-9
9
26
40
42
36
25
12
20
1
13
24
27
0
-2
14
32
42
42
36
24
13
6
0
6
0
0
1
3
13
19
21
13
4
13
0
12
0
0
-1
4
22
29
30
18
5
25
0
0
26
36
6
-11
-12
-2
15
23
27
24
15
35
0
0
31
56
14
-24
-21
-4
14
24
30
25
17
43
0
0
34
56
15
-22
-21
-5
15
26
30
24
19
22
0
0
0
0
0
-2
5
9
13
12
12
41
0
-7
20
5
-2
-6
4
13
19
16
14
80
21
-71
-3
37
11
-10
-13
-13
-6
3
11
13
16
103
23
-71
0
47
16
-19
-22
-19
-9
3
14
15
17
124
31
-66
1
51
13
-21
-28
-24
-8
4
13
16
18
78
28
-11
0
0
0
2
-6
-7
0
5
10
123
38
-15
8
0
0
-8
-14
-10
1
7
13
144
64
8
0
-7
-9
-10
-18
-28
-26
-16
-5
1
6
151
66
9
0
-12
-13
-19
-26
-33
-28
-18
-2
4
7
155
63
4
0
-11
-14
-23
-32
-35
-30
-15
-2
4
8
61
43
32
-6
-5
-12
-27
-27
-18
-12
-4
3
97
70
42
-19
-14
-18
-36
-37
-25
-15
-6
5
108
85
54
-2
-37
-27
-28
-40
-46
-38
-28
-20
-10
-1
117
89
53
-9
-42
-38
-36
-41
-45
-38
-29
-17
-10
0
122
90
44
-13
-45
-43
-40
-43
-45
-38
-26
-18
-9
2
44
62
46
6
-28
-36
-41
-46
-47
-38
-32
-27
-14
-4
62
73
48
3
-39
-46
-47
-48
-46
-41
-34
-25
-14
-3
71
77
47
-4
-43
-55
-55
-52
-46
-40
-32
-22
-12
-1
16
35
22
-4
-15
-23
-28
-24
-19
-17
-10
-2
23
50
33
-9
-27
-34
-39
-35
-28
-23
-13
-1
4
28
25
4
-20
-32
-35
-36
-34
-32
-31
-27
-16
-3
14
34
29
3
-25
-39
-41
-41
-38
-35
-32
-26
-15
-1
19
41
30
-1
-30
-44
-45
-45
-40
-34
-30
-22
-11
0
-15
6
8
-3
-12
-14
-14
-15
-18
-17
-8
1
-19
12
12
-5
-19
-22
-25
-24
-26
-23
-11
3
-17
1
7
0
-10
-17
-19
-23
-24
-24
-24
-21
-13
3
-10
5
10
0
-14
-23
-25
-28
-28
-26
-23
-20
-11
3
-3
12
11
-5
-18
-28
-30
-32
-29
-25
-22
-16
-7
5
-7
-4
0
0
-3
-4
-8
-9
-10
-8
-5
5
-11
-6
1
-2
-6
-8
-14
-16
-15
-14
-6
8
-7
-7
-3
-2
-6
-6
-8
-14
-16
-15
-13
-12
-7
2
-8
-7
-2
-4
-9
-10
-12
-17
-18
-16
-12
-10
-6
1
-6
-4
0
-6
-12
-14
-15
-19
-18
-14
-10
-8
-3
4
3
-1
-2
-4
-2
0
-2
-5
-4
-2
-1
2
3
-3
-3
-4
-3
-1
-5
-7
-6
-3
-2
2
1
-4
-4
-4
-5
-3
-2
-5
-9
-7
-4
-2
-2
0
-1
-5
-4
-5
-6
-4
-4
-8
-11
-7
-3
-1
-1
0
0
-4
-5
-6
-8
-5
-5
-9
-10
-6
-1
-1
0
2