27900
27900
27900
27900
27900
27900
27900
27900
27900
27900
27900
27900
27900
27900
27900
27900
27900
27900
27900
27900
27900
27900
27900
27900
28900
28900
28900
28900
28900
28900
28900
28900
28900
28900
28900
28900
28900
28900
28900
28900
28900
28900
28900
28900
28900
28900
28900
28900
28900
28900
28900
28900
28900
28900
28900
28900
28900
28900
28900
28900
28900
28900
28900
28900
28900
28900
30900
30900
30900
30900
30900
30900
30900
30900
30900
30900
30900
30900
30900
30900
30900
30900
30900
30900
30900
30900
30900
30900
30900
30900
31300
31300
31300
31300
31300
31300
31300
31300
31300
31300
31300
31300
31300
31300
31300
31300
31300
31300
31300
31300
31300
31300
31300
31300
31300
31300
31300
31300
31300
31300
31300
31300
31300
31300
31300
31300
31300
31300
31300
31300
31300
31300
33700
33700
33700
33700
33700
33700
33700
33700
33700
33700
33700
33700
33700
33700
33700
33700
33700
33700
33700
33700
33700
33700
33700
33700
33700
33700
33700
33700
33700
33700
33700
33700
33700
33700
33700
33700
33700
33700
33700
33700
33700
33700
33900
33900
33900
33900
33900
33900
33900
33900
33900
33900
33900
33900
33900
33900
33900
33900
33900
33900
33900
33900
33900
33900
33900
33900
36100
36100
36100
36100
36100
36100
36100
36100
36100
36100
36100
36100
36100
36100
36100
36100
36100
36100
36100
36100
36100
36100
36100
36100
36100
36100
36100
36100
36100
36100
36100
36100
36100
36100
36100
36100
36100
36100
36100
36100
36100
36100
36900
36900
36900
36900
36900
36900
36900
36900
36900
36900
36900
36900
36900
36900
36900
36900
36900
36900
36900
36900
36900
36900
36900
36900
38500
38500
38500
38500
38500
38500
38500
38500
38500
38500
38500
38500
38500
38500
38500
38500
38500
38500
38500
38500
38500
38500
38500
38500
38500
38500
38500
38500
38500
38500
38500
38500
38500
38500
38500
38500
38500
38500
38500
38500
38500
38500
39900
39900
39900
39900
39900
39900
39900
39900
39900
39900
39900
39900
39900
39900
39900
39900
39900
39900
39900
39900
39900
39900
39900
39900
41000
41000
41000
41000
41000
41000
41000
41000
41000
41000
41000
41000
41000
41000
41000
41000
41000
41000
41000
41000
41000
41000
41000
41000
41000
41000
41000
41000
41000
41000
41000
41000
41000
41000
41000
41000
41000
41000
41000
41000
41000
41000
42900
42900
42900
42900
42900
42900
42900
42900
42900
42900
42900
42900
42900
42900
42900
42900
42900
42900
42900
42900
42900
42900
42900
42900
43400
43400
43400
43400
43400
43400
43400
43400
43400
43400
43400
43400
43400
43400
43400
43400
43400
43400
43400
43400
43400
43400
43400
43400
43400
43400
43400
43400
43400
43400
43400
43400
43400
43400
43400
43400
43400
43400
43400
43400
43400
43400
45800
45800
45800
45800
45800
45800
45800
45800
45800
45800
45800
45800
45800
45800
45800
45800
45800
45800
45800
45800
45800
45800
45800
45800
45800
45800
45800
45800
45800
45800
45800
45800
45800
45800
45800
45800
45800
45800
45800
45800
45800
45800
46000
46000
46000
46000
46000
46000
46000
46000
46000
46000
46000
46000
46000
46000
46000
46000
46000
46000
46000
46000
46000
46000
46000
46000
48200
48200
48200
48200
48200
48200
48200
48200
48200
48200
48200
48200
48200
48200
48200
48200
48200
48200
48200
48200
48200
48200
48200
48200
48200
48200
48200
48200
48200
48200
48200
48200
48200
48200
48200
48200
48200
48200
48200
48200
48200
48200
49000
49000
49000
49000
49000
49000
49000
49000
49000
49000
49000
49000
49000
49000
49000
49000
49000
49000
49000
49000
49000
49000
49000
49000
50600
50600
50600
50600
50600
50600
50600
50600
50600
50600
50600
50600
50600
50600
50600
50600
50600
50600
50600
50600
50600
50600
50600
50600
50600
50600
50600
50600
50600
50600
50600
50600
50600
50600
50600
50600
50600
50600
50600
50600
50600
50600
52000
52000
52000
52000
52000
52000
52000
52000
52000
52000
52000
52000
52000
52000
52000
52000
52000
52000
52000
52000
52000
52000
52000
52000
53000
53000
53000
53000
53000
53000
53000
53000
53000
53000
53000
53000
53000
53000
53000
53000
53000
53000
53000
53000
53000
53000
53000
53000
53000
53000
53000
53000
53000
53000
53000
53000
53000
53000
53000
53000
53000
53000
53000
53000
53000
53000
55000
55000
55000
55000
55000
55000
55000
55000
55000
55000
55000
55000
55000
55000
55000
55000
55000
55000
55000
55000
55000
55000
55000
55000
55400
55400
55400
55400
55400
55400
55400
55400
55400
55400
55400
55400
55400
55400
55400
55400
55400
55400
55400
55400
55400
55400
55400
55400
55400
55400
55400
55400
55400
55400
55400
55400
55400
55400
55400
55400
55400
55400
55400
55400
55400
55400
57800
57800
57800
57800
57800
57800
57800
57800
57800
57800
57800
57800
57800
57800
57800
57800
57800
57800
57800
57800
57800
57800
57800
57800
57800
57800
57800
57800
57800
57800
57800
57800
57800
57800
57800
57800
57800
57800
57800
57800
57800
57800
58000
58000
58000
58000
58000
58000
58000
58000
58000
58000
58000
58000
58000
58000
58000
58000
58000
58000
58000
58000
58000
58000
58000
58000
60200
60200
60200
60200
60200
60200
60200
60200
60200
60200
60200
60200
60200
60200
60200
60200
60200
60200
60200
60200
60200
60200
60200
60200
60200
60200
60200
60200
60200
60200
60200
60200
60200
60200
60200
60200
60200
60200
60200
60200
60200
60200
61000
61000
61000
61000
61000
61000
61000
61000
61000
61000
61000
61000
61000
61000
61000
61000
61000
61000
61000
61000
61000
61000
61000
61000
62600
62600
62600
62600
62600
62600
62600
62600
62600
62600
62600
62600
62600
62600
62600
62600
62600
62600
62600
62600
62600
62600
62600
62600
62600
62600
62600
62600
62600
62600
62600
62600
62600
62600
62600
62600
62600
62600
62600
62600
62600
62600
64100
64100
64100
64100
64100
64100
64100
64100
64100
64100
64100
64100
64100
64100
64100
64100
64100
64100
64100
64100
64100
64100
64100
64100
65000
65000
65000
65000
65000
65000
65000
65000
65000
65000
65000
65000
65000
65000
65000
65000
65000
65000
65000
65000
65000
65000
65000
65000
65000
65000
65000
65000
65000
65000
65000
65000
65000
65000
65000
65000
65000
65000
65000
65000
65000
65000
67100
67100
67100
67100
67100
67100
67100
67100
67100
67100
67100
67100
67100
67100
67100
67100
67100
67100
67100
67100
67100
67100
67100
67100
67400
67400
67400
67400
67400
67400
67400
67400
67400
67400
67400
67400
67400
67400
67400
67400
67400
67400
67400
67400
67400
67400
67400
67400
67400
67400
67400
67400
67400
67400
67400
67400
67400
67400
67400
67400
67400
67400
67400
67400
67400
67400
