222
168
117
36
0
0
45
0
0
0
20
6
317
272
190
55
10
0
66
43
26
15
60
22
380
326
253
121
23
42
0
76
177
111
85
86
122
120
441
386
289
144
33
67
0
100
230
181
153
144
171
213
497
439
316
153
37
99
120
179
270
240
199
173
209
278
165
156
109
0
0
0
71
0
19
34
8
0
268
249
173
15
0
21
86
36
40
52
63
0
323
321
243
96
0
0
77
129
116
96
70
90
148
108
389
365
284
118
0
0
91
195
225
121
110
162
221
197
439
404
299
114
0
0
168
260
275
146
138
236
282
302
257
253
264
112
0
0
108
169
142
0
58
0
161
147
318
314
291
132
0
0
140
259
231
0
59
137
240
218
352
335
303
126
0
0
176
322
271
0
37
258
295
315
127
114
118
0
0
41
46
0
0
0
95
1
209
201
199
0
0
80
56
0
0
0
140
28
152
131
244
211
61
30
110
145
179
77
68
85
201
181
201
180
271
232
82
58
159
253
241
66
94
174
256
250
224
199
309
242
96
50
216
316
247
42
114
252
320
325
80
26
116
71
15
5
68
22
30
45
103
47
122
56
196
129
27
35
83
97
54
84
164
58
0
0
122
262
159
84
67
88
184
168
151
189
219
207
0
0
179
286
181
131
162
208
243
188
191
245
290
280
0
0
230
299
208
163
224
309
303
216
231
284
375
383
0
0
83
91
49
0
42
88
98
106
116
97
0
0
134
165
92
0
47
153
156
173
191
164
0
0
15
218
162
106
72
82
204
239
239
253
271
275
0
0
15
249
188
137
148
190
275
307
294
324
335
352
0
0
12
271
215
175
216
283
341
360
342
386
401
422
54
0
63
28
20
0
36
103
127
161
151
157
68
0
95
75
38
36
74
183
217
223
240
259
0
0
72
187
116
37
98
128
208
278
296
316
335
338
0
0
108
243
162
34
156
220
305
358
377
388
400
405
0
0
100
263
183
37
165
285
370
422
435
452
461
474
81
0
62
128
101
0
100
104
205
300
307
348
370
386
81
0
82
216
164
0
144
197
302
373
383
426
447
449
97
0
89
252
172
0
155
281
368
429
455
483
499
510
67
0
49
0
0
19
41
120
151
167
207
192
114
0
67
0
0
52
65
196
241
275
295
298
107
0
0
126
117
54
73
104
190
274
323
362
378
374
140
0
0
182
179
105
160
203
276
350
397
437
457
450
156
0
0
211
203
138
218
285
355
431
465
491
516
514
96
0
1
0
0
0
30
115
150
179
216
245
157
0
51
55
20
18
51
172
234
269
311
320
132
29
67
64
118
81
80
109
184
258
328
366
376
402
176
48
70
72
164
167
177
202
260
338
394
434
446
454
229
69
75
86
203
231
252
280
338
418
456
494
507
510
119
49
25
0
0
0
9
101
149
192
229
231
191
74
36
41
31
1
67
168
237
288
326
342
228
147
72
0
147
112
102
140
207
282
320
368
382
405
274
162
74
0
178
198
195
226
294
350
388
430
445
458
314
178
68
0
179
256
274
302
377
414
450
487
504
510
139
104
49
30
26
25
56
111
150
209
230
226
217
170
76
71
79
68
117
184
234
276
303
347
270
213
117
88
148
156
152
173
237
294
324
348
373
400
313
242
130
103
195
224
233
227
297
355
392
426
443
463
351
268
140
121
206
269
289
318
369
415
447
484
507
514
261
251
187
165
185
185
194
222
260
307
326
363
386
403
309
298
218
205
244
267
282
297
343
363
395
427
454
474
354
332
243
225
272
321
344
362
411
420
449
479
509
519
136
137
79
89
80
88
116
130
163
186
231
227
205
204
142
140
141
145
174
213
244
281
320
342
256
252
228
222
242
245
243
264
279
319
338
363
391
382
296
307
288
275
286
295
305
321
347
385
397
425
445
459
328
355
331
314
325
336
351
375
401
436
449
477
500
497
122
117
106
129
134
118
123
138
167
193
204
191
189
201
180
184
199
188
216
233
263
286
311
292
238
254
248
241
256
260
259
279
294
331
349
361
366
386
294
311
307
307
314
318
317
338
360
394
409
415
423
444
339
351
355
349
353
360
362
384
408
446
458
467
478
489
122
86
103
129
151
134
144
154
162
186
199
186
192
161
183
202
206
215
236
256
260
289
278
285
245
221
246
249
265
264
282
301
311
334
342
357
337
344
308
309
311
314
323
319
336
356
371
394
402
408
405
415
348
362
374
359
360
360
368
388
400
427
445
454
459
476
150
118
116
153
153
150
160
176
170
190
175
174
220
182
173
207
213
220
228
252
273
262
239
254
283
268
254
249
269
278
287
294
318
336
337
339
332
326
329
331
315
314
314
320
342
349
370
378
398
407
397
404
359
371
380
356
345
341
378
399
391
414
440
449
459
462