1
3
1
0
0
0
-6
0
0
0
15
5
2
6
4
3
-3
0
-17
-1
0
0
33
19
6
11
11
9
0
5
0
-14
0
-13
-7
2
15
13
7
14
18
12
4
25
0
-8
-4
-6
0
5
13
27
11
20
26
20
15
48
22
-11
-8
4
7
1
9
26
2
3
4
0
0
0
-4
0
-3
-3
-7
0
3
7
8
1
0
-8
-5
3
-8
-3
-31
0
6
12
13
5
0
0
-21
-24
12
2
6
10
-29
-37
6
15
17
9
0
0
-41
-49
-9
8
17
20
-18
-23
11
20
21
14
0
0
-52
-63
-17
18
25
14
-10
-14
0
4
3
1
0
0
-16
-26
-24
0
7
0
-27
-34
-1
6
5
2
0
0
-28
-45
-31
0
6
-2
-33
-42
4
12
10
1
0
0
-45
-61
-33
0
1
-13
-32
-43
0
3
3
0
0
-3
-1
0
0
0
-8
0
-2
3
5
0
0
-7
-7
0
0
0
-22
-5
-7
-2
1
-3
0
6
19
-9
-46
-24
-37
-46
-46
-33
-4
3
3
0
0
4
8
-25
-55
-24
-51
-71
-61
-46
1
8
2
-3
-1
-2
-16
-42
-49
-23
-64
-79
-67
-58
-5
-4
-4
-1
0
3
-3
-12
-10
-11
-10
-5
-9
-6
-5
-4
3
15
-9
-31
-23
-31
-25
-17
0
0
-6
0
14
18
10
-20
-45
-38
-40
-53
-50
-51
0
0
-5
1
16
23
8
-30
-56
-50
-62
-79
-75
-70
0
0
-3
6
18
19
-3
-38
-65
-67
-88
-95
-92
-85
0
0
4
6
7
0
-3
-10
-9
-13
-13
-11
0
0
4
15
19
0
-13
-22
-23
-30
-32
-31
0
0
1
29
37
30
0
-23
-35
-35
-39
-47
-51
-52
0
0
1
30
41
34
2
-30
-48
-53
-58
-68
-70
-74
0
0
0
31
46
40
7
-32
-56
-71
-79
-87
-87
-85
0
0
2
12
6
0
-8
-7
-7
-12
-12
-11
4
0
17
30
16
12
-14
-17
-19
-22
-26
-28
0
0
17
48
37
15
8
-13
-22
-25
-31
-38
-44
-45
0
0
24
48
41
16
9
-17
-30
-39
-46
-54
-61
-62
0
0
22
42
41
22
11
-20
-38
-51
-59
-69
-73
-74
5
1
6
10
0
0
7
0
-7
-15
-18
-27
-33
-38
10
1
12
19
7
0
4
0
-12
-22
-27
-39
-47
-49
17
2
17
29
10
0
-11
-10
-18
-30
-38
-47
-55
-58
2
0
0
0
0
-2
0
-4
-4
-7
-12
-11
4
0
2
0
0
3
-1
-8
-9
-16
-22
-24
8
0
0
-5
-8
8
10
6
2
-7
-13
-19
-22
-24
16
0
0
2
-4
1
3
2
-3
-11
-18
-27
-32
-33
19
0
0
12
-4
-18
-17
-9
-11
-19
-26
-33
-40
-40
0
0
0
0
0
0
0
0
-3
-5
-8
-10
6
0
3
-4
0
-1
2
1
-6
-10
-14
-16
5
-8
-12
-3
10
2
-2
-5
-1
-5
-11
-14
-16
-18
7
-9
-3
3
7
-1
-7
-9
-7
-12
-15
-19
-21
-20
8
-13
5
19
3
-14
-16
-17
-15
-17
-20
-24
-27
-25
-1
-3
-1
0
0
0
5
2
-2
-4
-5
-6
1
-11
-5
3
0
0
4
0
-6
-8
-9
-11
-1
-16
-7
0
-24
-23
-18
-19
-15
-12
-10
-10
-9
-10
-2
-19
-10
0
-29
-36
-31
-28
-23
-18
-14
-14
-14
-13
-4
-23
-13
0
-27
-42
-40
-34
-29
-23
-18
-17
-17
-15
-1
0
0
-11
-11
-13
-15
-7
-4
-3
-2
-2
-3
-6
-3
-26
-36
-32
-31
-14
-9
-5
-3
-3
-9
-15
-13
-24
-50
-58
-53
-44
-32
-19
-12
-7
-5
-3
-13
-24
-25
-36
-57
-71
-66
-50
-38
-23
-15
-10
-7
-3
-17
-34
-39
-49
-59
-72
-68
-56
-43
-27
-17
-12
-8
-3
-14
-13
-14
-21
-35
-40
-40
-34
-26
-18
-12
-5
1
4
-22
-23
-25
-33
-52
-57
-55
-47
-37
-25
-16
-8
-1
4
-30
-33
-37
-47
-59
-66
-66
-58
-42
-28
-17
-8
-2
4
-3
-3
-2
-8
-10
-10
-9
-6
-4
-1
1
2
-8
-8
-7
-18
-24
-24
-20
-13
-7
-3
1
5
-17
-9
-10
-16
-26
-30
-29
-27
-23
-18
-11
-6
0
5
-27
-20
-21
-28
-36
-41
-41
-39
-33
-26
-16
-7
1
7
-35
-31
-31
-38
-44
-48
-47
-44
-37
-28
-17
-8
0
7
-3
0
-1
-6
-8
-8
-6
-6
-5
-4
-1
3
-10
-4
-4
-11
-17
-16
-17
-14
-9
-5
-1
5
-22
-15
-13
-16
-22
-25
-27
-29
-29
-25
-19
-13
-6
1
-34
-25
-22
-26
-32
-36
-37
-39
-38
-32
-23
-14
-6
0
-44
-34
-29
-34
-37
-42
-41
-44
-39
-34
-24
-13
-6
1
-17
-10
-13
-20
-26
-21
-22
-26
-24
-31
-30
-21
-26
-17
-16
-25
-29
-29
-31
-34
-31
-27
-22
-19
-35
-29
-27
-30
-37
-38
-38
-40
-41
-42
-38
-28
-28
-25
-40
-33
-30
-32
-36
-39
-42
-44
-43
-42
-33
-25
-20
-16
-45
-36
-31
-32
-36
-38
-41
-42
-41
-38
-28
-22
-15
-10
-32
-27
-29
-33
-34
-34
-35
-40
-42
-43
-40
-41
-34
-32
-32
-37
-36
-36
-40
-43
-45
-42
-37
-38
-34
-32
-30
-33
-34
-34
-36
-38
-41
-41
-38
-34
-29
-29
-34
-31
-28
-29
-30
-32
-36
-39
-38
-37
-32
-28
-24
-23
-33
-30
-26
-25
-27
-29
-35
-37
-34
-32
-27
-23
-19
-17